634
375
289
318
322
852
476
672
655
407
417
663
370
864
448
310
401
376
526
316
662
357
814
658
802
652
422
802
352
471
260
515
807
537
779
311
400
267
674
437
658
767
221
542
349
587
319
476
307
405
803
754
426
595
819
653
431
372
471
607
607
191
477
689
322
761
281
213
580
781
389
743
515
447
745
217
161
445
705
304
751
691
356
454
230
507
688
197
613
782
190
421
443
257
350
235
151
158
428
559
703
603
774
522
427
171
139
146
727
341
130
542
724
405
761
327
391
335
491
309
262
266
253
704
674
694
633
168
623
603
532
412
551
134
297
539
468
181
210
347
332
478
348
563
544
508
521
544
261
447
262
440
165
186
468
276
299
660
407
392
169
259
434
183
538
702
433
229
456
482
284
402
397
200
616
73
569
609
124
67
133
686
185
486
262
469
379
515
142
176
530
59
466
158
71
456
159
535
472
374
344
273
666
545
584
575
70
604
507
656
368
486
356
459
276
251
561
340
401
94
238
620
520
467
150
382
215
425
330
273
329
76
36
593
77
601
211
406
221
46
219
179
581
384
346
261
95
615
425
156
313
20
573
431
44
329
495
369
231
75
-23
160
371
147
106
563
441
284
335
5
-25
501
594
190
108
69
521
110
304
192
475
350
384
-4
9
99
379
247
285
335
384
61
200
442
-19
143
556
90
556
105
501
-50
66
450
228
136
8
489
408
52
496
175
319
447
181
477
309
521
-60
543
194
402
-85
393
301
185
60
480
415
187
106
186
50
-89
5
-46
465
175
158
518
-9
476
109
465
57
311
5
-69
89
146
-10
-83
250
164
51
107
287
385
267
25
35
-22
487
479
465
3
62
321
248
299
66
-26
253
300
440
331
129
168
70
310
-113
-25
354
-99
341
472
-15
484
380
447
242
-83
202
305
231
44
-100
240
-7
174
391
45
316
417
112
312
-110
241
334
144
376
334
351
-82
411
20
-33
-61
275
221
311
-123
326
158
-36
74
391
-20
-36
-61
72
107
87
-56
-40
371
-123
56
-9
-79
91
32
55
31
-3
2
-112
359
81
-95
-40
377
158
84
135
335
65
-151
379
-4
-157
165
302
26
-155
-136
96
143
407
395
-186
194
161
183
-65
52
92
321
33
-242
23
177
-111
314
315
156
318
-73
46
171
-102
386
177
126
50
251
-81
45
17
-229
64
-170
-10
182
-237
315
67
-161
-49
-173
300
33
-8
160
-139
-43
-262
-194
-15
145
-161
-55
144
-224
-128
149
-60
350
-36
164
153
57
182
321
326
144
141
-67
250
-260
-103
73
117
328
317
-272
-250
323
-197
-202
-36
-2
-14
-203
102
257
77
-61
-122
249
146
-227
3
38
202
-202
-235
-264
-285
205
-209
278
94
35
-306
-243
45
-130
-103
-117
171
-222
-321
218
226
288
224
-304
-84
105
147
-104
-348
-272
230
-37
174
-104
61
214
-43
-173
-38
-30
-120
-131
-103
-295
-245
231
105
62
-371
-75
-164
-17
-46
-54
35
-16
88
-289
-194
110
130
73
-144
-233
-106
-305
-341
-314
93
-17
-157
-234
-21
-274
164
220
-204
-188
-100
-181
116
-79
26
-363
-114
-55
-146
-322
-104
81
219
37
91
-234
65
-384
157
-249
-380
-306
163
45
141
-342
22
-333
16
-301
94
183
17
194
-19
-236
-54
-62
-7
108
-33
-85
-367
58
-354
106
-116
46
-439
-4
6
-396
-132
85
-19
90
-135
-251
-69
106
-215
-343
-428
-53
-460
-190
133
-465
-430
10
-194
-260
161
-13
141
-84
-358
103
-56
-345
-250
140
-400
-271
11
-376
-109
-438
87
-35
95
-42
105
62
-154
-279
33
-384
-37
-34
3
-230
-119
10
-265
-76
-50
-315
-14
-259
107
-23
-61
-397
72
-255
16
-61
-21
-37
-478
-365
-213
-367
-422
-184
-326
54
-224
-497
-401
-140
-251
-20
-162
-180
-125
69
-424
-485
-362
-93
-215
-402
-40
-533
-464
-371
-456
-2
-52
-225
-195
78
-532
-273
-145
-36
14
-33
-550
-89
-178
-404
43
-468
-67
-13
-179
-503
-164
-567
-229
62
37
59
-539
-393
-564
-78
-291
-100
-47
-212
-512
-547
-30
-261
-549
-102
-446
-520
-455
-254
-316
-139
-153
-11
32
-250
-554
-224
-531
-258
-330
-375
-110
3
-70
-353
-46
-159
-12
-364
-470
-165
-188
-96
-268
-501
-228
-429
-283
-283
-473
-403
-579
-500
-40
-245
-245
-252
-149
-621
-384
-332
-485
-625
-302
-547
-519
-526
-454
-17
-356
-159
-198
-340
-28
-118
-594
-375
-190
-93
-279
-212
-188
-550
-653
-337
-419
-420
-547
-312
-109
-249
-34
-239
-223
-219
-184
-158
-659
-302
-576
-682
-339
-681
-490
-51
-197
-245
-418
-288
-414
-284
-132
-180
-134
-370
-658
-435
-67
-298
-407
-142
-659
-231
-224
-432
-361
-441
-484
-632
-226
-203
-348
-81
-278
-460
-427
-494
-678
-165
-127
-718
-444
-273
-396
-358
-557
-379
-317
-462
-163
-450
-139
-186
-704
-703
-440
-290
-494
-484
-707
-371
-197
-501
-368
-212
-693
-472
-540
-353
-237
-584
-209
-242
-148
-443
-209
-181
-746
-368
-582
-659
-425
-310
-284
-321
-572
-235
-252
-663
-195
-565
-377
-475
-176
-735
-654
-669
-721
-485
-385
-262
-585
-151
-473
-201
-336
-440
-375
-242
-576
-309
-538
-786
-238
-183
-360
-763
-612
-746
-192
-592
-322
-656
-311
-336
-774
-805
-676
-550
-739
-475
-432
-647
-535
-345
-336
-235
-561
-509
-286
-568
-726
-543
-744
-496
-531
-480
-323
-403
-616
-284
-202
-305
-678
-566
-203
-251
-268
-241
-229
-257
-337
-806
-829
-494
-441
-304
-387
-780
-481
-442
-558
-567
-744
-473
-563
-660
-592
-298
-610
-756
-237
-378
-807
-634
-393
-578
-814
-829
-416
-814
-369
-249
-724
-268
-592
-773
-482
-503
-446
-429
-484
-588
-482
-649
-820
-287
-612
-864
-626
-500
-862
-336
-288
-811
-298
-621
-430
-638
-369
-264
-483
-324
-832
-442
-346
-585
-735
-287
-910
-468
-403
-475
-711
-354
-715
-778
-683
-644
-401
-319
-923
-536
-365
-306
-378
-729
-697
-758
-904
-458
-695
-887
-319
-891
-770
-839
-496
-300
-393
-317
-658
-686
-747
-306
-891
-914
-599
-503
-391
-834
-766
-531
-466
-946
-501
-547
-323
-866
-337
-952
-467
-908
-527
-955
-867
-535
-756
-452
-399
-431
-606
-887
-397
-803
-510
-344
-939
-618
-339
-615
-468
-913
-620
-387
-735
-411
-926
-849
-663
-765
-681
-704
-677
-583
-681
-599
-485
-979
-711
-598
-448
-573
-901
-868
-702
-858
-803
-375
-694
-442
-567
-1009
-973
-914
-806
-672
-735
-853
-452
-476
-923
-597
-504
-617
-805
-873
-904
-914
-845
-411
-853
-410
-668
-842
-434
-544
-749
-418
-701
-660
-759
-967
-535
-568
-906
-509
-726
-565
-586
-442
-759
-953
-847
-478
-639
-675
-638
-871
-1045
-869
-936
-956
-932
-544
-574
-694
-1051
-1008
-896
-1017
-469
-1019
-853
-599
-648
-918
-628
-967
-561
-924
-479
-947
-451
-1083
-603
-928
-878
-913
-542
-910
-1092
-452
-882
-739
-569
-724
-812
-579
-956
-784
-1061
-684
-928
-875
-659
-805
-1063
-723
-1058
-996
-828
-657
-544
-477
-1011
-872
-960
-1068
-879
-999
-501
-1117
-538
-593
-1048
-737
-771
-586
-847
-606
-867
-794
-699
-967
-850
-1078
-811
-520
-867
-1123
-770
-1092
-506
-702
-1089
-944
-556
-837
-971
-949
-614
-699
-906
-785
-1149
-845
-1088
-663
-1160
-704
-581
-754
-996
-1009
-668
-1153
-667
-1022
-1148
-605
-927
-857
-664
-585
-609
-656
-590
-611
-609
-545
-979
-927
-1111
-802
-978
-767
-1043
-686
-573
-1063
-937
-602
-1055
-716
-934
-651
-666
-1042
-1195
-682
-700
-1070
-633
-665
-729
-1113
-958
-1142
-803
-690
-1075
-1073
-860
-689
-1131
-946
-631
-912
-774
-1147
-610
-962
-807
-1195
-700
-1171
-1131
-748
-988
-869
-1167
-662
-976
-1114
-949
-654
-964
-1134
-836
-915
-1198
-884
-1138
-670
-737
-890
-942
-1093
-793
-922
-1012
-746
-773
-1133
-640
-843
-858
-734
-1014
-1144
-1123
-649
-729
-680
-1242
-1160
-869
-884
-960
-1113
-1189
-752
-789
-1209
-773
-902
-1227
-1068
-951
-1198
-650
-1224
-822
-1279
-1185
-1285
-760
-964
-678
-931
-741
-1209
-882
-1137
-981
-1030
-1192
-729
-935
-688
-679
-878
-1085
-1164
-1084
-981
-688
-1151
-1201
-728
-732
-981
-1072
-904
-718
-720
-1049
-1167
-1110
-1094
-1261
-768
-714
-921
-950
-863
-908
-1039
-935
-704
-933
-1081
-973
-957
-905
-903
-1035
-838
-830
-999
-1131
-876
-1028
-1215
-1263
-785
-1326
-1168
-1281
-994
-751
-973
-1116
-874
-1055
-798
-891
-1261
-1201
-1263
-764
-1098
-1225
-1321
-1094
-853
-1126
-1018
-801
-1317
-772
-1263
-1282
-1112
-1016
-961
-1036
-1256
-1054
-1206
-1041
-833
-830
-1016
-864
-1267
-1095
-843
-1219
-1037
-1121
-1270
-869
-757
-1379
-1347
-1151
-1087
-989
-954
-1292
-1254
-1289
-1060
-1006
-863
-945
-1380
-780
-1112
-1319
-887
-1196
-806
-987
-1235
-912
-810
-1267
-1187
-1241
-1267
-1188
-1158
-1331
-947
-855
-1039
-1254
-1356
-1109
-808
-796
-1359
-971
-1038
-1374
-868
-1048
-1121
-966
-809
-1204
-897
-898
-1228
-1409
-1078
-857
-1127
-1280
-1225
-989
-1384
-1052
-1108
-913
-1436
-1296
-902
-1208
-1175
-1157
-937
-1066
-1091
-861
-1186
-1252
-1096
-1010
-1345
-1265
-1339
-1239
-1252
-967
-1129
-917
-1275
-1155
-1210
-1038
-1094
-1227
-1483
-1122
-1431
-972
-1358
-1078
-1462
-946
-1237
-1332
-1225
-1308
-898
-1046
-1250
-1341
-863
-1456
-1494
-965
-1325
-922
-1431
-935
-1045
-962
-1025
-1394
-926
-1370
-1295
-1383
-1264
-948
-1128
-1104
-1356
-1147
-1055
-1511
-1119
-1245
-962
-1118
-891
-1181
-1157
-1466
-985
-1102
-1409
-1112
-1222
-931
-1262
-1004
-1436
-1046
-1322
-1480
-1525
-1292
-1189
-1456
-1224
-1472
-1383
-1273
-1539
-1211
-981
-1244
-1330
-1032
-1388
-1100
-1414
-1538
-1239
-997
-958
-1121
-1184
-1556
-1407
-1186
-1227
-1433
-1110
-1449
-1557
-1181
-1395
-1534
-982
-1269
-1357
-1225
-1369
-1250
-1245
-1409
-1422
-1143
-969
-985
-1300
-975
-1378
-1339
-1333
-1180
-1168
-1149
-1351
-1335
-1342
-1174
-1535
-1590
-1136
-1363
-1578
-1203
-1311
-1594
-1554
-1394
-1374
-1216
-1301
-1390
-1615
-1164
-1392
-989
-1245
-1158
-1180
-991
-1371
-1449
-1604
-1423
-1546
-1047
-1485
-1350
-1424
-1402
-1194
-1398
-1274
-1286
-1172
-1395
-1464
-1224
-1162
-1104
-1223
-1035
-1558
-1078
-1093
-1346
-1229
-1410
-1526
-1604
-1355
-1357
-1113
-1647
-1443
-1407
-1108
-1147
-1167
-1619
-1381
-1241
-1192
-1469
-1314
-1057
-1214
-1247
-1536
-1044
-1369
-1580
-1105
-1300
-1128
-1329
-1260
-1252
-1144
-1395
-1630
-1138
-1397
-1398
-1473
-1170
-1070
-1303
-1231
-1586
-1695
-1380
-1500
-1414
-1608
-1374
-1169
-1380
-1395
-1562
-1475
-1564
-1615
-1422
-1142
-1474
-1344
-1543
-1426
-1253
-1240
-1367
-1574
-1664
-1318
-1419
-1569
-1540
-1451
-1721
-1350
-1289
-1365
-1134
-1628
-1262
-1403
-1467
-1640
-1633
-1289
-1626
-1580
-1397
-1635
-1579
-1574
-1338
-1501
-1641
-1152
-1254
-1268
-1160
-1145
-1117
-1502
-1228
-1237
-1459
-1360
-1183
-1687
-1273
-1405
-1456
-1486
-1471
-1362
-1463
-1331
-1536
-1747
-1170
-1238
-1265
-1390
-1475
-1402
-1463
-1392
-1602
-1303
-1140
-1200
-1253
-1293
-1311
-1423
-1513
-1270
-1362
-1306
-1502
-1185
-1770
-1455
-1213
-1733
-1583
-1187
-1722
-1647
-1276
-1400
-1475
-1353
-1485
-1368
-1582
-1253
-1168
-1268
-1731
-1263
-1210
-1412
-1754
-1546
-1790
-1303
-1637
-1528
-1485
-1494
-1497
-1613
-1515
-1384
-1637
-1502
-1215
-1384
-1442
-1406
-1553
-1586
-1802
-1544
-1464
-1505
-1344
-1793
-1673
-1239
-1617
-1290
-1823
-1230
-1382
-1797
-1280
-1511
-1850
-1528
-1620
-1711
-1530
-1389
-1215
-1776
-1537
-1388
-1517
-1847
-1761
-1570
-1456
-1507
-1855
-1816
-1522
-1823
-1425
-1558
-1312
-1449
-1509
-1341
-1493
-1790
-1603
-1651
-1328
-1325
-1413
-1688
-1549
-1535
-1692
-1566
-1254
-1820
-1469
-1263
-1509
-1499
-1531
-1617
-1738
-1521
-1772
-1815
-1352
-1441
-1799
-1692
-1509
-1795
-1347
-1670
-1736
-1692
-1597
-1426
-1857
-1808
-1699
-1699
-1562
-1860
-1688
-1559
-1824
-1877
-1403
-1679
-1680
-1506
-1746
-1679
-1670
-1364
-1637
-1913
-1722
-1616
-1300
-1347
-1615
-1502
-1318
-1879
-1699
-1832
-1908
-1753
-1923
-1629
-1783
-1767
-1924
-1374
-1823
-1312
-1745
-1736
-1569
-1601
-1441
-1724
-1868
-1534
-1343
-1394
-1598
-1349
-1339
-1924
-1644
-1757
-1601
-1947
-1851
-1463
-1766
-1569
-1373
-1491
-1380
-1883
-1946
-1658
-1867
-1809
-1600
-1786
-1607
-1676
-1744
-1794
-1979
-1812
-1766
-1612
-1961
-1618
-1979
-1533
-1580
-1700
-1840
-1810
-1750
-1900
-1919
-1792
-1729
-1720
-1508
-1456
-1706
-1585
-1380
-1796
-1678
-1445
-1453
-1555
-1806
-1900
-1684
-1546
-1437
-1562
-1649
-1865
-1390
-1947
-1615
-1693
-1593
-2018
-1622
-1522
-1598
-1504
-1607
-1583
-1894
-1529
-2030
-1961
-1550
-1590
-1612
-1623
-1783
-1415
-1727
-1697
-1612
-1922
-1706
-1889
-1640
-1815
-1434
-1858
-1531
-1881
-2029
-2000
-1995
-1596
-1753
-1452
-1637
-1548
-1911
-1922
-1752
-1962
-1751
-1946
-2060
-2038
-1789
-2017
-1969
-1871
-1639
-1567
-1920
-1988
-1790
-1938
-1609
-1590
-2050
-1492
-2005
-1650
-1985
-1512
-1493
-2059
-1916
-1679
-1926
-1785
-1556
-1482
-1519
-1594
-1712
-2009
-1883
-2010
-1901
-2031
-1967
-2077
-2020
-1518
-1605
-1710
-1822
-1616
-1912
-1780
-2039
-1841
-1635
-1969
-2075
-1743
-1900
-1916
-1802
-1959
-1920
-1528
-2053
-1533
-2110
-1614
-1767
-1923
-1911
-1730
-2116
-1840
-1565
-1592
-1947
-2054
-2130
-1543
-2070
-1546
-2114
-1736
-1821
-1796
-2084
-2080
-1623
-2096
-1847
-2116
-1794
-2056
-2083
-1565
-1955
-1622
-1840
-2128
-1949
-1547
-1855
-1835
-1716
-1699
-2067
-2122
-1593
-1856
-1600
-1797
-2113
-2094
-1541
-1819
-2072
-1903
-1846
-1619
-1830
-2012
-1656
-1731
-1868
-1748
-1906
-2085
-1979
-2042
-2192
-2081
-1971
-1873
-1961
-1600
-1960
-2115
-1993
-1592
-1706
-2067
-1922
-1587
-2107
-2035
-2210
-1756
-1636
-1577
-2037
-1809
-1831
-1709
-1759
-2178
-1801
-1744
-1660
-1615
-1780
-1986
-2099
-1921
-1593
-2064
-2004
-1753
-1792
-1888
-1901
-1657
-1970
-1958
-2205
-1998
-1701
-1683
-1666
-1680
-1659
-1842
-2122
-1691
-1864
-1918
-2079
-2160
-1758
-2229
-1985
-2211
-2182
-1782
-1756
-2178
-1933
-1914
-1984
-1851
-2090
-1924
-2208
-1803
-1896
-1743
-1965
-2131
-2202
-2138
-1965
-1729
-1780
-1884
-2257
-1767
-2045
-1971
-2119
-1666
-2133
-1951
-1802
-1841
-1781
-1688
-1799
-2208
-2154
-2143
-2172
-1999
-1909
-1794
-2146
-2265
-1888
-2115
-2299
-1772
-2066
-1910
-2104
-2143
-2107
-1897
-2285
-2177
-2237
-2187
-1906
-2297
-2127
-2086
-1858
-2251
-2284
-2290
-1844
-2252
-1727
-1788
-2276
-1711
-2069
-1873
-2077
-1745
-1879
-2142
-2009
-1841
-1887
-2241
-1920
-1843
-1864
-1938
-2024
-2266
-1813
-2200
-1851
-1917
-1955
-1839
-2029
-2217
-1781
-1855
-2310
-2305
-2163
-2154
-1882
-2058
-2341
-1917
-2217
-2159
-2196
-2230
-2037
-1879
-2323
-2233
-2189
-2138
-2367
-2351
-1795
-2378
-2146
-1972
-2360
-2203
-2235
-2337
-1798
-2272
-2190
-2011
-2374
-2161
-2356
-2320
-2307
-2146
-1831
-1832
-2126
-1989
-2164
-1959
-2095
-2037
-1887
-1921
-2025
-2138
-2286
-1908
-1784
-2247
-2155
-1998
-2382
-1809
-2227
-2194
-1919
-2252
-2280
-1842
-2098
-1824
-1946
-2310
-2417
-2001
-2384
-2179
-2043
-2248
-2328
-1834
-2147
-2130
-2132
-2160
-2086
-1875
-2029
-2327
-2272
-1988
-2164
-1893
-2250
-2331
-2177
-2251
-1837
-2000
-2111
-2058
-1879
-2217
-2206
-2303
-2400
-2139
-2091
-2229
-1927
-2084
-1982
-2097
-2462
-2294
-1927
-1983
-2221
-2022
-2273
-2449
-2236
-1980
-2428
-1931
-2345
-2010
-2123
-2011
-2176
-1880
-2341
-2412
-1970
-2183
-2463
-2400
-2455
-2406
-2219
-2437
-2362
-2454
-2358
-1900
-1983
-1943
-2052
-2389
-2297
-2431
-2330
-2194
-2374
-2183
-2323
-2065
-2292
-1889
-2068
-1928
-2291
-2418
-1921
-2169
-2357
-2437
-1889
-2020
-2000
-2313
-2403
-2298
-1981
-2318
-2511
-2456
-2166
-2311
-2129
-1990
-2424
-2185
-2358
-2533
-2122
-2022
-2458
-2526
-2396
-2053
-2269
-2299
-1967
-2377
-1961
-2140
-1947
-2230
-2188
-2159
-2515
-2368
-2110
-2102
-2552
-2305
-2343
-2499
-2164
-2292
-2160
-1986
-2049
-1982
-2207
-2416
-2063
-2204
-2175
-2457
-2250
-2236
-2268
-2559
-2413
-1995
-2072
-2220
-2431
-2547
-1953
-2195
-1991
-2006
-2567
-2157
-2300
-2244
-2516
-2238
-2379
-2252
-2002
-2227
-2546
-1956
-2186
-2050
-2200
-2314
-2597
-2225
-2527
-2492
-2077
-2370
-2159
-2319
-2070
-2276
-2035
-2516
-2566
-2576
-2026
-2555
-2138
-2173
-2541
-2244
-2188
-2342
-2118
-2016
-2596
-2556
-2090
-2140
-2218
-2023
-2495
-2148
-2206
-2355
-2324
-2379
-2335
-2623
-2418
-2511
-2176
-2143
-2408
-2600
-2043
-2435
-2382
-2024
-2221
-2479
-2296
-2204
-2077
-2192
-2378
-2120
-2243
-2501
-2107
-2242
-2092
-2153
-2644
-2554
-2444
-2084
-2447
-2491
-2063
-2279
-2342
-2645
-2089
-2641
-2538
-2291
-2575
-2465
-2257
-2636
-2277
-2157
-2102
-2616
-2667
-2166
-2555
-2265
-2656
-2306
-2602
-2188
-2129
-2268
-2255
-2548
-2103
-2280
-2159
-2369
-2352
-2322
-2515
-2203
-2117
-2270
-2330
-2189
-2325
-2342
-2316
-2281
-2563
-2325
-2190
-2264
-2359
-2427
-2261
-2328
-2523
-2167
-2256
-2104
-2620
-2227
-2594
-2572
-2534
-2657
-2650
-2310
-2567
-2245
-2467
-2296
-2321
-2475
-2203
-2325
-2273
-2492
-2156
-2129
-2170
-2280
-2466
-2369
-2447
-2367
-2467
-2152
-2602
-2693
-2628
-2378
-2673
-2279
-2128
-2585
-2173
-2210
-2357
-2694
-2369
-2356
-2332
-2429
-2442
-2531
-2709
-2501
-2669
-2598
-2395
-2372
-2324
-2739
-2690
-2760
-2719
-2345
-2562
-2356
-2319
-2739
-2643
-2257
-2362
-2172
-2355
-2496
-2733
-2440
-2615
-2476
-2169
-2748
-2464
-2691
-2218
-2593
-2281
-2462
-2449
-2417
-2459
-2608
-2344
-2629
-2297
-2721
-2379
-2544
-2772
-2749
-2242
-2434
-2444
-2699
-2336
-2234
-2451
-2679
-2498
-2429
-2716
-2375
-2650
-2297
-2205
-2606
-2747
-2638
-2558
-2464
-2212
-2249
-2654
-2757
-2480
-2280
-2302
-2326
-2815
-2594
-2700
-2278
-2289
-2706
-2292
-2793
-2734
-2393
-2839
-2565
-2671
-2492
-2743
-2319
-2817
-2569
-2545
-2616
-2529
-2523
-2650
-2587
-2771
-2442
-2828
-2594
-2574
-2275
-2613
-2853
-2467
-2768
-2760
-2402
-2415
-2780
-2454
-2685
-2793
-2268
-2654
-2627
-2359
-2340
-2445
-2716
-2841
-2834
-2548
-2282
-2530
-2769
-2614
-2436
-2565
-2720
-2551
-2603
-2415
-2790
-2423
-2880
-2649
-2513
-2408
-2340
-2460
-2518
-2672
-2483
-2520
-2765
-2758
-2887
-2346
-2875
-2464
-2588
-2735
-2756
-2588
-2841
-2915
-2600
-2373
-2322
-2397
-2324
-2344
-2938
-2482
-2656
-2799
-2914
-2540
-2625
-2375
-2891
-2770
-2672
-2695
-2505
-2412
-2867
-2332
-2549
-2813
-2759
-2639
-2562
-2936
-2767
-2685
-2823
-2548
-2773
-2891
-2912
-2338
-2954
-2692
-2529
-2422
-2479
-2749
-2500
-2908
-2570
-2837
-2947
-2580
-2554
-2786
-2906
-2872
-2402
-2369
-2422
-2905
-2845
-2831
-2386
-2595
-2687
-2488
-2980
-2704
-2355
-2372
-2684
-2505
-2556
-2994
-2562
-2905
-2866
-2551
-2537
-2894
-2545
-2839
-2977
-2665
-2860
-2433
-2969
-3001
-2996
-2815
-2426
-2667
-2630
-2541
-2631
-3015
-2734
-2960
-2406
-2454
-2894
-2943
-2414
-2655
-2540
-2781
-2936
-2849
-2977
-2882
-2560
-2668
-2970
-2819
-2564
-2453
-2556
-3008
-3017
-2439
-2986
-2858
-2911
-2414
-2540
-2876
-2778
-2875
-2773
-2695
-2446
-2439
-2745
-2991
-3052
-2532
-2554
-2567
-2545
-2675
-2784
-2550
-2468
-2914
-2594
-2462
-2859
-2940
-2654
-2565
-2979
-2868
-2907
-2714
-2518
-2828
-2589
-3058
-2514
-2973
-3062
-3065
-2696
-2909
-2913
-2796
-2799
-2778
-3065
-2734
-2682
-2545
-2728
-3055
-2728
-2556
-3082
-2759
-2503
-2714
-3016
-2471
-2714
-2597
-2958
-2985
-2952
-3045
-3074
-3098
-2765
-2882
-2817
-2513
-2769
-2653
-3102
-2756
-2916
-2759
-2693
-2962
-3076
-2618
-2639
-2735
-2769
-2651
-2794
-2936
-3137
-2643
-2661
-2572
-2915
-3077
-2718
-2664
-2721
-2681
-3143
-2625
-2758
-2706
-2714
-2630
-2786
-2752
-3142
-2538
-3111
-2913
-2724
-2534
-2981
-2532
-2965
-2534
-3083
-2869
-3166
-3039
-2672
-2898
-2789
-2871
-2742
-2591
-2688
-2786
-2945
-2761
-3132
-2855
-3146
-2879
-3126
-2850
-2744
-2785
-2644
-3065
-3001
-2611
-2803
-2920
-2637
-3069
-3082
-2639
-2991
-3158
-2739
-3111
-3044
-2906
-2917
-3025
-3033
-3016
-2937
-2983
-2708
-3145
-2941
-2872
-2778
-2604
-2765
-2833
-2780
-2881
-3128
-2876
-2640
-2972
-2632
-2868
-3204
-2708
-2810
-3036
-3052
-3142
-2973
-3203
-3059
-3099
-2705
-2863
-3140
-2914
-2701
-3060
-3042
-3053
-2852
-2965
-3000
-2917
-2896
-2681
-2609
-3250
-3027
-2854
-2936
-2749
-2743
-2964
-2776
-3059
-3100
-3132
-3113
-2965
-3234
-2643
-2878
-2691
-3056
-3157
-3088
-2797
-2925
-3104
-2799
-2772
-2733
-3044
-3219
-2875
-2876
-2696
-3185
-2790
-3113
-3232
-2732
-2776
-3285
-3186
-3082
-2758
-3230
-3144
-2820
-2956
-3099
-3018
-3151
-3226
-3184
-3151
-3166
-2791
-2798
-3088
-2939
-2869
-3049
-3101
-2686
-2957
-2709
-3097
-2779
-2839
-3260
-3227
-2817
-3004
-2967
-3117
-2726
-3315
-3021
-2986
-3003
-3065
-3018
-2855
-2983
-3219
-2821
-2893
-2796
-3335
-3116
-3307
-2812
-3007
-3294
-3273
-3004
-3336
-3005
-3058
-2971
-2801
-3162
-3213
-3040
-2849
-3049
-3254
-2888
-2758
-2979
-3276
-3195
-3301
-2999
-2887
-3151
-3092
-2912
-2865
-3322
-2752
-2974
-2911
-2785
-3298
-2850
-3003
-2741
-2922
-3355
-3121
-2853
-3125
-2755
-2948
-3127
-2788
-3314
-3041
-2910
-2889
-3211
-3315
-3145
-3206
-2750
-3241
-3143
-2766
-2816
-3179
-3379
-3121
-2784
-3068
-3151
-3046
-2903
-3168
-2961
-2856
-3247
-3253
-2809
-3104
-3102
-3359
-2800
-3301
-2805
-3028
-3404
-3337
-2975
-3381
-3197
-3171
-2809
-2785
-3105
-2932
-2839
-3371
-3089
-3020
-3325
-2876
-2953
-3088
-3254
-3089
-2939
-3052
-3103
-2907
-3377
-3264
-3091
-2991
-3393
-3351
-3238
-3081
-3148
-3330
-3264
-3068
-3224
-2829
-3442
-3294
-3378
-3180
-3312
-3174
-2982
-3342
-3368
-2968
-3192
-3248
-3089
-3087
-2891
-3283
-3277
-2981
-3197
-2847
-3357
-3109
-3250
-3432
-3109
-3199
-3405
-3045
-3424
-3110
-3440
-3392
-3127
-2940
-3205
-2897
-3169
-2931
-3123
-3301
-3496
-3012
-2892
-3181
-2864
-2899
-3105
-2941
-3218
-3021
-3210
-3323
-3140
-3300
-2886
-3074
-3257
-3497
-3031
-3293
-3014
-3498
-3380
-3016
-3192
-3092
-3275
-3022
-3310
-3024
-3223
-2885
-3399
-2938
-3041
-3424
-3250
-2928
-3360
-2965
-3252
-3141
-3429
-3352
-3151
-3531
-3447
-3484
-3191
-2976
-3484
-3024
-3455
-3212
-3406
-2947
-3081
-3258
-3288
-3176
-3199
-3479
-3016
-3438
-3488
-3474
-3454
-3317
-3505
-3552
-2983
-3075
-3157
-3415
-3298
-3006
-3310
-3118
-3247
-3396
-3312
-3266
-3418
-3427
-3521
-3506
-3533
-3026
-3456
-3578
-3314
-3143
-3360
-3103
-3236
-3315
-3070
-3470
-2986
-3131
-3458
-3289
-3324
-3132
-3523
-3401
-3000
-3176
-3572
-3194
-3281
-3358
-3537
-3057
-3017
-3028
-3378
-3067
-3252
-3363
-3591
-3150
-3181
-3167
-3579
-3612
-3396
-3333
-3051
-3374
-3543
-2995
-2989
-3070
-3566
-3228
-3055
-3329
-3415
-3051
-3425
-3061
-3263
-3306
-3175
-3097
-3041
-3340
-3376
-3226
-3171
-3332
-3377
-3163
-3120
-3380
-3143
-3260
-3291
-3529
-3469
-3386
-3408
-3444
-3469
-3204
-3573
-3505
-3288
-3104
-3490
-3098
-3254
-3124
-3290
-3646
-3442
-3297
-3552
-3169
-3455
-3166
-3492
-3648
-3522
-3493
-3182
-3387
-3200
-3471
-3048
-3096
-3188
-3374
-3255
-3314
-3592
-3405
-3498
-3474
-3148
-3074
-3534
-3658
-3334
-3133
-3419
-3102
-3365
-3121
-3585
-3307
-3457
-3433
-3225
-3254
-3616
-3287
-3089
-3253
-3118
-3495
-3404
-3494
-3262
-3164
-3707
-3636
-3579
-3144
-3669
-3713
-3343
-3208
-3621
-3583
-3576
-3545
-3338
-3637
-3708
-3310
-3723
-3604
-3349
-3241
-3618
-3278
-3163
-3221
-3376
-3206
-3438
-3242
-3519
-3464
-3540
-3198
-3459
-3266
-3672
-3187
-3680
-3229
-3242
-3597
-3153
-3153
-3254
-3218
-3580
-3436
-3152
-3615
-3450
-3454
-3137
-3267
-3305
-3384
-3192
-3720
-3647
-3232
-3232
-3218
-3767
-3173
-3424
-3753
-3455
-3146
-3615
-3740
-3408
-3352
-3298
-3368
-3627
-3302
-3255
-3586
-3649
-3306
-3329
-3585
-3770
-3433
-3648
-3744
-3639
-3728
-3696
-3203
-3713
-3338
-3234
-3236
-3429
-3731
-3604
-3810
-3482
-3198
-3632
-3572
-3387
-3513
-3249
-3305
-3684
-3301
-3438
-3493
-3618
-3319
-3396
-3681
-3354
-3554
-3271
-3304
-3525
-3463
-3438
-3762
-3650
-3682
-3217
-3676
-3731
-3553
-3410
-3646
-3212
-3673
-3534
-3359
-3242
-3453
-3290
-3320
-3302
-3245
-3734
-3370
-3525
-3252
-3240
-3803
-3611
-3275
-3445
-3238
-3485
-3427
-3757
-3308
-3773
-3582
-3822
-3871
-3832
-3772
-3291
-3481
-3699
-3674
-3540
-3557
-3543
-3725
-3313
-3339
-3497
-3280
-3887
-3658
-3565
-3760
-3636
-3822
-3430
-3574
-3665
-3461
-3711
-3271
-3296
-3641
-3661
-3772
-3502
-3749
-3643
-3365
-3877
-3831
-3553
-3915
-3714
-3794
-3438
-3760
-3647
-3313
-3486
-3776
-3591
-3529
-3634
-3474
-3673
-3368
-3626
-3448
-3420
-3920
-3328
-3611
-3763
-3562
-3386
-3439
-3464
-3933
-3496
-3602
-3911
-3605
-3767
-3450
-3370
-3609
-3779
-3715
-3505
-3914
-3320
-3366
-3674
-3819
-3855
-3575
-3486
-3922
-3892
-3330
-3416
-3683
-3556
-3836
-3480
-3425
-3499
-3911
-3403
-3622
-3897
-3734
-3411
-3854
-3899
-3799
-3655
-3742
-3679
-3424
-3717
-3876
-3614
-3860
-3351
-3738
-3401
-3422
-3420
-3937
-3909
-3497
-3425
-3698
-3749
-3976
-3951
-3374
-3657
-3666
-3858
-3832
-3634
-3892
-3602
-3399
-3487
-3430
-3761
-3657
-3974
-3567
-3760
-3924
-3932
-3796
-3754
-3451
-3973
-3922
-3475
-3970
-3784
-3714
-3876
-3595
-3831
-4031
-3849
-3922
-3545
-3490
-3865
-3958
-3717
-3596
-3445
-3543
-3826
-3888
-3494
-3534
-3563
-3629
-3809
-3919
-3484
-3453
-3601
-3856
-3456
-3782
-3420
-3968
-3886
-3779
-3795
-4026
-4058
-3639
-3490
-3733
-3626
-3437
-4033
-3939
-3698
-3815
-3582
-4008
-3491
-3863
-3932
-3995
-3927
-3683
-3752
-3450
-3857
-3852
-3473
-4048
-3724
-3511
-3791
-3934
-4030
-3695
-3494
-3528
-3833
-4086
-3509
-3895
-4091
-3586
-3991
-3951
-3589
-3839
-3984
-3469
-3858
-3994
-3778
-4063
-3842
-4040
-3959
-3624
-3834
-3700
-3620
-3507
-4039
-4006
-3548
-3705
-3505
-3722
-3514
-3684
-3742
-3523
-3831
-3535
-3533
-3584
-3816
-3865
-3673
-4092
-3760
-3832
-3972
-3566
-3967
-4107
-4122
-3733
-3753
-3743
-4049
-3841
-3778
-3571
-4133
-4070
-3971
-3551
-3519
-3564
-4057
-3601
-3704
-3618
-3970
-4123
-3872
-4040
-3838
-3887
-3828
-4085
-3545
-3982
-3726
-4086
-3907
-4061
-4091
-4103
-3912
-3646
-4141
-3559
-3593
-4115
-4043
-3723
-3929
-3671
-3925
-3816
-3693
-3930
-3636
-3661
-4172
-3820
-3623
-4134
-3608
-4113
-3962
-4028
-4035
-3865
-3866
-3901
-3782
-4106
-3841
-4015
-3709
-3919
-3980
-3879
-4178
-3935
-3883
-4148
-3620
-3914
-3808
-4052
-3847
-3983
-3698
-3844
-3585
-3584
-4190
-3946
-3827
-3959
-4044
-3639
-3734
-3790
-3667
-4126
-4087
-3697
-3711
-4128
-4058
-3981
-3956
-3646
-4045
-3802
-3693
-3806
-3692
-3834
-3723
-3640
-3652
-3851
-4144
-3723
-3679
-3843
-4114
-4182
-4235
-4239
-4013
-4153
-4069
-4192
-4260
-4037
-3863
-3878
-3979
-3780
-3645
-3773
-3813
-3953
-4274
-4178
-3848
-4124
-4141
-4004
-3856
-4147
-4062
-3753
-3695
-4042
-3735
-3711
-4231
-4147
-3877
-3903
-3798
-3956
-3878
-3723
-4242
-3978
-4093
-3792
-4012
-3846
-4154
-3693
-4041
-3906
-4270
-3984
-3787
-4181
-4201
-3892
-4085
-3718
-3952
-3778
-3885
-4045
-3678
-3769
-4117
-4025
-3988
-4099
-4265
-4086
-4302
-3758
-3976
-3859
-3794
-3770
-4208
-4185
-4295
-3805
-3991
-4012
-3817
-3815
-4061
-4290
-3879
-4184
-3870
-3962
-4331
-3822
-4302
-4136
-4028
-4104
-3898
-3980
-4019
-4160
-3968
-3950
-4086
-3987
-4008
-4286
-4241
-4220
-3806
-3829
-4261
-3937
-4186
-4097
-4095
-4273
-4022
-3999
-3812
-3926
-3736
-4144
-4229
-4200
-4016
-3935
-4142
-3890
-4340
-3783
-4088
-4387
-4260
-4138
-4153
-4250
-4093
-3824
-4346
-4293
-4234
-4176
-4280
-4032
-4289
-3780
-4188
-4142
-4086
-4328
-3832
-4304
-4127
-3870
-4298
-4354
-4116
-4321
-4069
-4254
-4179
-3815
-4052
-4205
-4225
-4057
-3867
-4343
-4371
-3988
-4300
-4174
-4154
-4060
-4220
-4247
-4376
-3948
-3934
-4150
-3997
-4398
-4134
-4392
-3891
-4204
-4232
-3935
-4113
-4196
-3856
-4249
-4210
-4211
-4188
-3849
-4012
-3989
-4340
-3823
-3870
-4276
-3854
-3844
-3949
-3880
-4216
-3930
-3846
-4373
-4153
-4145
-4376
-4009
-3829
-4307
-3871
-4217
-4097
-4342
-4110
-3940
-4136
-4292
-4169
-4389
-3865
-3858
-4349
-4090
-3938
-4488
-4103
-4364
-4030
-4141
-4043
-4435
-4070
-4051
-3939
-4472
-4415
-4404
-4166
-4198
-4348
-4415
-4448
-3978
-4039
-4469
-4270
-4415
-4427
-4427
-3930
-4020
-4419
-3948
-3974
-3913
-4240
-3976
-4406
-4176
-4190
-4508
-4071
-3957
-3959
-4333
-4398
-4393
-4103
-3993
-4318
-4384
-4201
-4178
-4118
-4080
-4230
-4263
-4156
-4375
-4011
-4442
-4364
-4299
-3966
-4333
-3915
-4283
-4125
-4352
-4153
-4448
-4446
-4135
-4502
-4488
-4500
-3952
-3995
-4373
-4346
-4159
-4493
-4469
-4425
-4188
-4410
-4509
-4178
-4135
-3942
-4252
-4262
-4337
-4367
-4252
-4338
-3981
-4549
-4143
-4218
-4278
-4189
-4336
-4178
-4375
-4281
-4106
-3976
-4166
-4141
-4334
-4548
-4534
-4212
-4178
-4340
-4518
-4215
-4205
-4534
-4558
-4236
-4414
-3989
-4128
-4385
-4361
-4414
-4036
-4200
-3997
-4582
-4473
-4280
-4476
-4384
-4209
-4590
-4566
-4397
-4561
-4489
-4413
-4105
-4542
-4521
-4525
-4535
-4195
-4488
-4610
-4422
-4254
-4271
-4247
-4357
-4231
-4425
-4152
-4509
-4440
-4625
-4630
-4235
-4188
-4288
-4159
-4393
-4306
-4402
-4327
-4322
-4167
-4101
-4028
-4518
-4075
-4163
-4068
-4114
-4040
-4299
-4452
-4294
-4259
-4390
-4537
-4606
-4190
-4215
-4426
-4648
-4528
-4473
-4387
-4193
-4482
-4341
-4197
-4479
-4644
-4251
-4216
-4198
-4529
-4277
-4189
-4051
-4330
-4196
-4642
-4110
-4512
-4661
-4164
-4687
-4655
-4314
-4085
-4638
-4649
-4289
-4626
-4265
-4213
-4698
-4151
-4605
-4630
-4102
-4654
-4626
-4237
-4553
-4618
-4677
-4328
-4081
-4493
-4473
-4098
-4538
-4143
-4174
-4422
-4144
-4414
-4166
-4677
-4236
-4509
-4446
-4375
-4681
-4436
-4522
-4592
-4178
-4410
-4233
-4149
-4730
-4665
-4539
-4167
-4257
-4108
-4150
-4134
-4448
-4539
-4136
-4577
-4501
-4370
-4327
-4484
-4288
-4268
-4218
-4697
-4271
-4735
-4574
-4670
-4424
-4403
-4659
-4555
-4734
-4659
-4285
-4455
-4487
-4232
-4698
-4155
-4238
-4526
-4231
-4347
-4411
-4632
-4310
-4611
-4720
-4584
-4411
-4373
-4449
-4795
-4788
-4464
-4394
-4342
-4224
-4332
-4224
-4656
-4274
-4162
-4401
-4596
-4634
-4407
-4735
-4275
-4423
-4363
-4313
-4392
-4460
-4328
-4532
-4816
-4378
-4757
-4487
-4642
-4458
-4795
-4407
-4559
-4499
-4770
-4548
-4498
-4591
-4528
-4719
-4308
-4836
-4425
-4648
-4781
-4779
-4390
-4501
-4517
-4222
-4791
-4845
-4352
-4345
-4237
-4284
-4209
-4382
-4796
-4350
-4383
-4282
-4780
-4520
-4371
-4471
-4496
-4457
-4388
-4549
-4577
-4756
-4259
-4349
-4641
-4734
-4676
-4802
-4491
-4668
-4385
-4705
-4252
-4788
-4248
-4294
-4373
-4594
-4456
-4700
-4834
-4454
-4470
-4833
-4427
-4622
-4758
-4604
-4723
-4428
-4594
-4783
-4748
-4264
-4733
-4721
-4711
-4717
-4555
-4660
-4746
-4511
-4522
-4512
-4592
-4547
-4424
-4571
-4416
-4545
-4390
-4523
-4303
-4756
-4783
-4603
-4823
-4809
-4287
-4354
-4870
-4910
-4414
-4304
-4461
-4785
-4494
-4571
-4878
-4752
-4478
-4837
-4486
-4857
-4757
-4625
-4367
-4605
-4543
-4541
-4413
-4849
-4306
-4698
-4895
-4411
-4785
-4673
-4742
-4340
-4683
-4510
-4787
-4867
-4338
-4562
-4475
-4431
-4861
-4790
-4348
-4935
-4374
-4385
-4777
-4907
-4882
-4439
-4676
-4359
-4585
-4419
-4558
-4516
-4767
-4697
-4944
-4979
-4751
-4359
-4695
-4942
-4502
-4436
-4626
-4525
-4989
-4376
-4949
-4759
-4960
-4845
-4478
-4732
-4593
-4932
-4868
-4994
-4938
-4713
-4838
-4768
-4808
-4924
-4394
-4565
-4578
-4681
-4669
-4546
-4897
-4893
-4488
-4780
-4388
-4645
-4650
-4937
-4726
-4765
-5019
-4415
-4600
-4520
-4420
-4679
-5007
-4697
-4721
-4838
-4453
-4715
-4555
-4404
-5006
-4797
-4445
-5016
-4756
-4919
-4705
-4549
-4610
-5011
-4989
-4617
-4411
-4852
-4510
-4701
-4877
-4501
-5031
-4465
-4989
-4990
-4589
-5057
-4739
-4434
-4740
-4729
-4620
-4923
-4532
-4796
-4617
-4932
-4905
-4497
-4918
-4482
-4566
-4487
-4471
-4697
-4905
-4733
-4904
-4645
-4674
-5024
-4594
-4669
-4457
-4629
-4699
-4594
-4860
-4925
-4934
-4853
-4918
-4918
-4628
-5007
-4712
-4802
-4899
-5095
-5088
-4864
-5079
-5061
-4720
-4791
-4983
-5022
-4792
-4989
-5021
-4695
-5065
-4930
-4994
-4939
-4500
-4942
-4651
-4906
-4491
-4496
-4776
-4767
-4604
-4658
-5078
-4855
-4985
-4863
-5002
-4741
-4635
-4870
-4512
-5134
-4832
-4750
-4859
-4594
-4589
-4687
-5057
-4857
-4875
-5119
-4957
-5102
-5127
-5083
-4690
-5036
-4826
-4908
-5032
-4741
-4942
-4728
-5066
-4780
-4544
-4935
-5120
-4858
-5001
-4678
-4653
-4930
-4735
-4675
-4824
-4538
-4753
-4917
-4802
-4619
-4621
-4641
-5116
-5039
-4862
-4867
-5113
-4598
-4961
-4967
-4917
-4629
-5038
-5023
-5133
-4566
-4790
-5087
-5140
-5168
-4773
-4569
-5117
-4781
-4857
-5180
-4917
-4592
-5159
-4734
-4970
-4576
-5167
-5167
-4573
-4856
-5071
-4787
-5147
-4901
-4748
-4627
-5130
-5103
-4650
-5012
-4966
-4766
-5142
-4760
-5200
-4733
-4892
-5044
-4989
-5169
-4999
-4849
-4703
-5062
-5009
-5165
-5184
-5236
-4691
-4879
-4831
-4712
-4889
-5104
-4636
-4888
-5148
-5119
-4653
-4845
-5249
-4660
-5072
-5232
-5234
-4797
-4713
-5042
-5137
-4945
-4935
-4997
-4893
-5064
-5189
-4655
-4950
-4790
-5065
-4649
-4953
-4898
-5238
-4682
-4934
-5027
-5123
-5090
-5111
-5215
-4885
-5180
-4681
-5208
-4737
-5207
-4656
-4971
-5287
-4832
-5077
-5016
-4730
-5185
-5197
-4728
-4797
-4735
-4735
-5214
-4848
-5030
-5143
-5009
-5117
-5067
-5178
-4806
-4991
-4704
-5154
-5263
-5220
-4935
-4990
-4915
-4745
-4816
-4736
-5198
-5054
-5251
-4832
-5309
-5234
-5107
-4781
-4803
-5186
-5134
-5098
-5093
-5327
-5022
-5280
-4871
-4731
-5108
-4977
-4757
-5139
-4760
-5217
-5162
-5200
-5228
-4980
-4839
-4715
-4795
-5331
-4722
-4893
-5150
-5110
-5075
-5132
-5041
-5103
-5029
-4859
-4917
-4753
-4984
-5199
-5166
-4879
-5117
-5140
-4789
-5124
-5058
-5028
-5255
-5035
-5358
-4840
-4918
-4799
-5352
-5356
-5318
-4798
-5218
-5385
-5345
-4833
-5034
-4856
-5013
-4773
-4841
-5009
-5320
-4770
-4976
-5184
-4821
-5207
-5289
-5006
-4984
-5124
-4937
-5304
-5112
-5212
-5262
-5262
-5000
-5035
-4985
-4790
-5153
-5407
-4904
-5028
-5296
-4853
-4930
-4929
-5356
-5274
-4943
-4823
-5191
-5372
-5172
-4898
-4960
-5156
-4807
-4990
-5344
-5259
-5205
-5047
-5318
-5274
-5287
-5132
-4988
-4936
-5105
-5253
-5067
-4900
-4986
-5339
-4892
-5211
-4868
-4827
-5198
-5433
-5239
-5021
-4891
-5169
-4864
-5209
-5192
-5167
-4939
-5179
-5112
-5469
-5398
-5074
-5009
-5143
-4930
-5125
-5342
-5162
-5359
-5359
-5271
-4911
-4893
-5157
-5030
-5157
-5447
-4945
-5420
-5201
-5477
-5025
-5043
-5190
-5416
-5264
-4904
-5429
-5281
-4964
-5180
-4933
-5329
-5122
-5508
-5368
-4983
-5197
-4946
-5367
-5250
-4874
-5325
-5373
-5214
-4916
-5192
-4953
-5275
-4923
-5263
-5454
-4978
-5476
-5055
-5284
-5269
-5401
-5277
-5407
-5003
-4911
-5219
-4979
-5108
-5299
-5020
-5256
-5496
-5306
-5241
-5545
-4992
-4966
-5369
-5297
-5501
-5008
-5168
-5003
-5199
-5123
-5110
-5286
-5260
-5202
-5492
-5179
-5501
-5092
-5288
-5063
-5033
-5555
-5536
-5370
-5554
-4986
-5200
-5137
-5430
-5018
-5436
-5397
-4994
-5107
-5063
-5475
-5016
-5290
-5162
-5406
-5080
-5323
-5338
-5139
-5261
-5455
-5332
-5383
-5039
-5173
-5242
-4977
-5196
-4957
-5303
-5348
-5461
-5382
-5270
-5484
-5496
-4990
-5281
-5505
-5547
-5255
-5463
-5085
-5415
-5319
-5270
-5413
-5469
-5488
-5149
-5578
-5534
-5291
-5555
-5442
-5092
-5320
-5109
-5462
-5108
-5631
-5595
-5147
-5535
-5303
-5243
-5297
-5313
-5102
-5187
-5098
-5205
-5513
-5445
-5554
-5061
-5634
-5435
-5374
-5522
-5014
-5513
-5030
-5197
-5495
-5310
-5186
-5145
-5057
-5072
-5169
-5148
-5236
-5159
-5299
-5617
-5162
-5559
-5284
-5049
-5249
-5327
-5186
-5331
-5507
-5308
-5583
-5483
-5170
-5339
-5179
-5320
-5282
-5265
-5375
-5558
-5684
-5370
-5329
-5241
-5573
-5648
-5091
-5161
-5674
-5158
-5382
-5564
-5534
-5285
-5223
-5128
-5209
-5085
-5278
-5203
-5249
-5626
-5286
-5268
-5359
-5544
-5572
-5628
-5565
-5092
-5157
-5439
-5387
-5472
-5441
-5635
-5550
-5637
-5530
-5083
-5157
-5667
-5118
-5591
-5201
-5128
-5284
-5541
-5314
-5456
-5133
-5321
-5366
-5417
-5552
-5246
-5135
-5332
-5659
-5613
-5516
-5264
-5737
-5412
-5307
-5647
-5338
-5196
-5153
-5223
-5211
-5606
-5367
-5124
-5735
-5455
-5129
-5319
-5414
-5284
-5712
-5733
-5767
-5520
-5769
-5285
-5747
-5445
-5540
-5315
-5422
-5594
-5543
-5183
-5375
-5358
-5758
-5285
-5337
-5197
-5462
-5493
-5551
-5777
-5545
-5298
-5532
-5589
-5664
-5364
-5236
-5749
-5389
-5213
-5451
-5307
-5232
-5727
-5268
-5509
-5248
-5660
-5681
-5386
-5300
-5617
-5744
-5692
-5739
-5531
-5400
-5730
-5309
-5524
-5242
-5246
-5818
-5587
-5520
-5428
-5201
-5818
-5709
-5587
-5467
-5242
-5190
-5680
-5783
-5341
-5765
-5561
-5277
-5497
-5278
-5761
-5682
-5832
-5340
-5442
-5691
-5292
-5312
-5698
-5786
-5716
-5553
-5672
-5745
-5708
-5648
-5831
-5338
-5323
-5355
-5258
-5731
-5791
-5462
-5819
-5764
-5451
-5793
-5525
-5826
-5704
-5806
-5755
-5589
-5670
-5297
-5862
-5848
-5707
-5799
-5860
-5443
-5812
-5357
-5480
-5331
-5595
-5293
-5545
-5668
-5600
-5442
-5659
-5796
-5299
-5749
-5849
-5848
-5466
-5857
-5394
-5876
-5444
-5788
-5700
-5792
-5393
-5778
-5831
-5378
-5832
-5846
-5763
-5364
-5780
-5546
-5399
-5591
-5517
-5483
-5690
-5349
-5427
-5769
-5451
-5524
-5734
-5420
-5902
-5313
-5419
-5335
-5421
-5652
-5680
-5892
-5537
-5541
-5926
-5369
-5836
-5437
-5497
-5515
-5684
-5814
-5670
-5605
-5812
-5843
-5414
-5482
-5490
-5375
-5804
-5807
-5801
-5942
-5941
-5951
-5890
-5370
-5604
-5751
-5865
-5695
-5767
-5366
-5593
-5586
-5543
-5464
-5779
-5458
-5559
-5617
-5972
-5922
-5360
-5675
-5653
-5437
-5868
-5492
-5720
-5546
-5707
-5552
-5429
-5711
-5520
-5589
-5840
-5400
-5641
-5862
-5704
-5497
-5496
-5915
-5411
-5946
-5852
-5991
-5472
-5476
-5891
-5579
-5403
-5560
-5888
-5957
-5667
-5662
-6004
-5578
-5457
-5810
-5986
-5789
-5997
-5777
-5532
-6020
-5845
-5966
-5907
-5926
-5556
-5506
-5663
-5728
-5905
-5420
-5699
-5519
-5513
-5839
-5785
-5628
-5637
-5871
-5620
-6029
-5959
-5590
-5486
-5547
-5497
-5857
-5993
-5704
-5435
-5530
-5587
-5715
-5881
-5674
-5578
-5959
-5646
-6037
-5956
-5516
-5600
-5757
-5467
-5632
-6038
-5802
-5909
-5691
-5657
-5967
-5433
-6066
-5450
-5892
-5536
-5971
-5874
-5944
-5495
-5496
-5452
-6048
-5619
-5936
-5828
-5701
-5467
-5898
-6080
-5643
-5986
-5596
-5601
-5622
-6082
-5989
-5824
-5618
-5590
-5861
-5559
-5719
-5616
-5485
-5663
-5490
-6057
-6038
-5674
-5610
-5977
-5975
-5854
-5836
-5927
-5931
-5718
-5684
-5837
-6081
-5602
-5726
-5852
-5567
-5781
-5973
-5630
-5820
-5638
-6038
-5837
-5583
-5766
-5971
-5889
-5745
-6067
-5719
-6014
-5894
-6076
-5552
-6130
-5852
-5760
-5661
-5962
-5631
-6099
-5990
-5769
-5675
-5559
-5541
-5522
-5591
-5761
-5992
-5953
-6003
-5731
-5581
-5568
-5624
-6090
-6129
-5529
-6007
-5569
-5536
-6085
-5743
-6117
-5561
-5571
-5801
-5553
-6155
-6111
-6057
-5552
-6118
-5872
-6095
-5695
-5757
-5605
-6174
-5639
-5579
-6057
-5625
-6178
-6074
-5828
-5635
-6056
-5903
-5934
-5782
-6117
-5975
-5752
-6181
-5787
-5623
-5895
-6077
-6113
-5897
-6025
-6109
-6159
-5613
-5645
-5999
-5702
-5825
-6194
-5795
-5617
-5779
-5770
-5703
-6082
-5755
-6021
-5842
-6199
-6128
-5962
-5835
-5656
-5968
-5719
-5818
-6207
-5945
-6099
-6231
-6204
-6044
-6173
-6106
-5705
-5925
-5759
-6131
-5659
-5878
-6053
-5752
-5839
-5617
-5634
-5676
-6178
-6087
-5985
-6156
-6238
-6246
-6233
-6042
-5667
-5951
-6131
-6067
-5946
-5970
-5907
-6155
-5920
-5831
-5819
-5725
-6167
-6134
-5725
-5708
-5976
-5842
-5891
-6041
-5712
-5985
-5913
-5787
-5937
-6219
-5700
-5669
-5904
-5809
-5984
-5998
-6264
-6290
-5973
-5799
-5784
-5760
-5828
-5689
-6303
-5889
-5836
-6277
-5682
-6086
-5839
-5725
-5678
-6003
-6019
-5974
-5708
-6291
-6149
-6192
-6240
-6039
-5809
-5801
-5804
-5902
-5733
-5899
-5822
-6107
-6018
-5756
-6260
-6155
-5766
-5959
-6244
-5803
-6237
-6198
-5924
-5810
-6271
-5803
-6008
-6264
-5789
-6166
-5748
-5815
-6042
-6348
-5849
-6062
-5807
-6331
-5840
-5893
-5736
-5812
-5817
-6111
-6274
-5957
-6174
-6366
-5767
-6064
-5967
-5987
-5882
-5735
-6240
-6315
-5763
-5919
-6033
-5842
-6216
-5752
-6279
-5969
-5785
-5826
-6065
-6282
-6348
-6076
-6145
-6076
-5903
-6208
-6015
-5776
-6302
-6266
-5989
-6175
-6397
-6074
-5879
-6086
-6226
-5979
-6148
-6100
-5821
-6394
-6055
-5982
-6241
-5801
-6287
-6002
-6237
-6418
-5930
-5890
-5868
-5924
-6037
-6050
-5946
-6187
-5968
-6082
-6073
-5900
-5927
-6210
-5827
-5876
-6376
-5813
-6312
-6252
-6232
-5896
-6347
-5837
-5939
-5846
-6411
-6367
-6044
-6058
-6420
-6390
-6072
-6017
-5935
-6307
-5872
-6417
-6006
-6337
-6018
-6227
-5988
-5831
-6321
-6105
-5831
-6297
-6295
-6032
-6296
-6228
-6283
-5876
-6336
-6466
-5869
-6205
-6140
-6036
-6150
-6205
-5890
-6159
-6447
-6291
-6375
-6342
-6268
-6176
-6391
-6316
-6127
-6096
-6490
-6132
-6220
-6000
-6016
-6437
-6403
-5989
-6410
-6410
-6494
-6312
-6072
-6348
-6063
-6381
-6099
-6269
-6383
-6156
-6430
-6114
-6501
-6459
-6464
-6291
-6025
-6434
-6091
-5907
-5958
-5911
-6267
-6497
-6386
-6418
-6316
-6414
-6131
-6287
-6161
-6076
-6222
-6052
-6053
-6530
-6323
-6424
-6281
-6070
-6465
-6251
-6019
-6360
-6423
-6448
-6228
-6077
-6275
-6214
-6416
-6523
-6180
-6084
-6017
-6542
-6284
-6060
-6205
-6343
-6022
-6479
-6054
-6200
-5927
-6067
-6339
-6287
-6091
-5963
-6072
-6083
-6518
-6140
-6271
-6283
-6542
-6132
-6348
-5977
-6159
-6153
-6218
-6192
-6474
-5986
-5971
-6078
-6153
-6377
-6086
-5984
-6364
-6289
-6146
-5961
-6375
-6505
-6194
-6507
-6524
-6229
-6283
-6079
-6558
-6169
-6212
-6187
-6064
-6093
-6125
-6527
-6534
-6286
-6215
-6369
-6136
-6235
-6026
-6113
-6283
-6390
-6302
-6582
-6436
-6608
-6328
-6002
-6021
-6133
-6487
-6411
-6338
-6466
-6230
-6539
-6628
-6357
-6368
-6293
-6085
-6414
-6530
-6115
-6395
-6433
-6428
-6186
-6155
-6578
-6080
-6425
-6258
-6081
-6622
-6164
-6520
-6406
-6133
-6190
-6316
-6541
-6325
-6421
-6039
-6152
-6424
-6248
-6490
-6275
-6430
-6306
-6591
-6424
-6443
-6492
-6586
-6134
-6523
-6351
-6370
-6205
-6524
-6093
-6285
-6077
-6235
-6494
-6417
-6383
-6613
-6306
-6324
-6285
-6674
-6593
-6194
-6654
-6445
-6096
-6308
-6656
-6338
-6533
-6462
-6132
-6492
-6109
-6248
-6301
-6126
-6307
-6197
-6565
-6429
-6598
-6621
-6376
-6542
-6329
-6576
-6648
-6393
-6195
-6422
-6303
-6329
-6249
-6419
-6521
-6721
-6399
-6385
-6641
-6535
-6411
-6589
-6724
-6655
-6636
-6300
-6368
-6618
-6589
-6343
-6667
-6387
-6412
-6739
-6648
-6466
-6573
-6654
-6254
-6178
-6646
-6744
-6423
-6525
-6457
-6571
-6582
-6290
-6464
-6340
-6533
-6416
-6248
-6294
-6165
-6371
-6668
-6401
-6502
-6499
-6597
-6559
-6378
-6284
-6533
-6267
-6546
-6571
-6776
-6199
-6666
-6527
-6727
-6731
-6569
-6524
-6767
-6649
-6231
-6737
-6703
-6196
-6331
-6221
-6529
-6172
-6474
-6422
-6772
-6466
-6463
-6368
-6220
-6195
-6492
-6386
-6386
-6512
-6243
-6592
-6544
-6746
-6388
-6299
-6749
-6509
-6722
-6588
-6820
-6379
-6444
-6604
-6563
-6274
-6673
-6830
-6494
-6348
-6620
-6575
-6244
-6675
-6371
-6204
-6334
-6246
-6731
-6795
-6793
-6283
-6479
-6637
-6455
-6734
-6304
-6519
-6226
-6698
-6637
-6537
-6623
-6737
-6331
-6491
-6653
-6446
-6582
-6351
-6442
-6761
-6231
-6254
-6480
-6240
-6486
-6749
-6400
-6437
-6315
-6457
-6638
-6552
-6535
-6421
-6358
-6521
-6640
-6470
-6820
-6703
-6769
-6845
-6707
-6301
-6252
-6489
-6357
-6355
-6270
-6407
-6587
-6738
-6607
-6368
-6770
-6316
-6583
-6539
-6793
-6569
-6663
-6868
-6729
-6738
-6375
-6493
-6451
-6495
-6711
-6409
-6494
-6380
-6693
-6658
-6310
-6876
-6644
-6551
-6740
-6605
-6595
-6771
-6867
-6495
-6559
-6765
-6609
-6542
-6655
-6731
-6345
-6337
-6865
-6554
-6377
-6790
-6830
-6308
-6594
-6845
-6526
-6447
-6554
-6706
-6791
-6654
-6492
-6707
-6692
-6580
-6870
-6949
-6544
-6609
-6896
-6803
-6646
-6632
-6966
-6378
-6608
-6763
-6509
-6789
-6927
-6703
-6787
-6684
-6868
-6634
-6559
-6554
-6949
-6457
-6554
-6941
-6881
-6513
-6505
-6481
-6951
-6703
-6569
-6404
-6532
-6692
-6955
-6622
-6565
-6705
-6758
-6465
-6572
-6987
-6724
-6786
-6380
-6901
-6595
-6776
-6701
-6850
-6501
-6717
-7008
-6541
-6998
-6433
-6644
-6550
-6483
-6383
-6734
-6389
-6943
-6955
-6818
-6779
-6734
-6452
-6782
-6611
-6905
-6720
-6822
-6664
-6815
-6668
-6615
-6849
-6423
-6971
-6409
-6480
-6740
-6609
-6565
-6713
-6670
-7001
-6533
-6920
-6859
-6782
-6631
-6420
-6585
-6807
-6431
-7009
-6566
-6967
-6875
-6759
-6455
-6469
-6675
-6788
-7055
-6639
-6655
-6547
-6531
-6802
-6475
-6781
-6740
-6632
-6902
-6964
-6568
-6796
-6518
-6503
-6853
-6553
-6815
-6797
-6480
-6704
-6657
-6687
-6825
-6453
-7004
-6798
-7074
-6499
-6884
-6525
-6567
-6770
-6687
-6996
-6547
-6850
-6912
-7021
-6707
-6632
-6907
-6794
-7049
-6764
-6553
-6502
-6598
-6763
-6549
-6718
-7044
-7011
-6789
-6510
-6907
-7004
-6978
-6761
-6775
-6687
-7001
-6773
-6575
-6878
-6832
-7107
-6520
-6997
-7118
-6546
-6928
-6831
-6594
-6728
-6640
-6585
-6996
-6532
-6760
-7147
-6697
-6587
-6743
-6818
-6854
-6954
-6967
-6784
-7022
-6549
-6969
-6792
-6788
-7018
-7139
-7000
-6580
-6754
-6722
-6982
-6567
-6750
-6793
-6890
-6557
-6892
-6831
-6649
-6719
-6757
-6847
-6617
-6619
-6898
-6774
-6831
-7086
-6553
-6706
-6717
-6990
-7147
-7117
-6605
-6894
-6559
-7051
-6792
-6732
-7065
-6608
-6562
-6758
-6728
-6947
-6756
-7149
-7003
-6816
-7183
-6814
-7008
-6972
-7046
-6912
-6648
-6917
-6917
-6791
-6594
-6906
-7194
-6809
-6595
-7168
-7123
-7103
-6974
-6601
-6908
-7130
-6953
-6612
-6889
-6869
-7193
-7193
-7148
-7200
-6993
-7138
-7196
-6952
-7110
-6782
-6802
-6607
-7134
-6773
-6917
-6982
-6757
-6703
-6674
-6639
-6730
-6892
-6917
-6809
-7057
-6744
-7062
-7201
-6795
-6683
-7005
-6839
-6998
-6772
-6830
-7269
-7140
-6910
-7198
-7272
-6728
-7090
-6709
-7174
-6912
-6743
-7061
-6780
-6986
-7048
-7227
-6989
-7115
-7264
-6652
-6825
-7091
-6797
-6666
-7112
-7084
-6936
-7070
-7095
-7086
-7103
-7272
-6846
-7205
-6798
-7235
-7229
-7033
-6893
-6691
-7136
-7192
-6785
-6820
-6852
-6832
-6781
-6879
-6832
-7270
-6724
-7085
-7040
-6853
-7315
-7241
-6755
-7034
-6701
-6702
-6742
-7101
-6824
-6902
-6883
-6968
-7121
-7200
-7054
-6847
-7103
-7097
-7267
-7128
-6942
-7153
-6969
-7230
-7009
-7033
-6956
-7197
-7170
-7287
-7235
-7299
-7178
-7055
-6994
-6768
-6794
-6938
-6949
-7100
-6974
-7330
-7074
-7294
-7070
-7123
-6813
-7106
-6925
-7087
-6997
-7081
-6956
-7297
-7192
-7005
-7248
-6820
-7285
-7270
-6961
-6797
-6954
-6832
-7097
-7321
-6826
-7240
-6800
-7001
-7070
-6812
-7161
-7142
-7016
-6837
-7259
-6907
-7083
-7164
-7122
-6850
-7057
-6960
-6974
-7223
-7149
-6966
-7225
-6964
-6800
-6781
-7325
-6811
-7307
-6988
-7297
-7214
-7079
-6989
-6880
-7324
-6912
-7318
-6990
-6920
-6949
-7316
-7064
-7381
-7096
-7079
-7133
-7339
-7220
-6930
-7198
-7341
-6903
-7148
-7253
-7420
-7138
-7150
-7291
-7220
-7121
-6993
-6939
-7450
-7002
-7102
-7242
-6823
-7334
-7378
-7237
-6909
-7248
-7007
-6988
-7205
-7342
-7185
-7048
-7452
-7050
-7205
-7008
-7130
-6897
-7058
-6991
-6923
-7452
-6951
-6989
-7195
-7027
-7269
-7415
-7292
-6865
-7167
-7359
-7257
-6923
-7386
-6866
-6975
-6949
-7124
-7400
-7053
-7278
-7221
-7480
-7468
-7485
-6883
-7431
-7148
-6897
-7259
-7416
-7437
-7162
-7389
-7503
-7467
-7122
-7237
-7241
-7075
-7407
-6953
-7018
-7232
-7494
-7425
-7212
-7358
-7139
-7224
-6933
-6980
-6956
-6942
-6989
-7420
-6915
-7329
-6979
-7355
-7069
-6949
-6963
-7467
-7087
-7389
-7185
-7283
-7271
-7069
-7248
-7378
-7534
-7308
-7301
-7383
-7114
-7322
-7375
-7292
-7492
-7556
-7265
-7306
-7396
-7126
-7134
-7290
-7369
-7270
-7009
-7002
-7416
-7265
-7226
-7345
-7358
-7393
-7457
-7303
-7119
-7389
-7521
-7442
-7131
-7419
-7008
-7306
-7486
-7018
-6995
-7022
-6968
-7001
-7203
-7465
-6961
-7187
-7553
-7083
-7285
-7548
-7453
-7466
-7287
-7177
-7128
-7078
-7569
-7221
-7567
-7527
-7355
-7326
-7362
-7437
-7583
-7305
-7138
-7247
-7305
-7192
-7065
-7096
-7399
-7065
-7349
-7105
-7293
-7348
-7020
-7015
-7532
-7029
-7199
-7079
-7409
-7127
-7053
-7374
-7612
-7477
-7439
-7403
-7483
-7612
-7413
-7579
-7096
-7034
-7040
-7124
-7255
-7356
-7023
-7265
-7589
-7617
-7280
-7167
-7573
-7564
-7220
-7100
-7395
-7102
-7493
-7465
-7480
-7357
-7320
-7117
-7325
-7442
-7059
-7284
-7515
-7092
-7413
-7464
-7670
-7162
-7464
-7404
-7581
-7216
-7639
-7543
-7431
-7533
-7370
-7187
-7077
-7246
-7244
-7052
-7293
-7444
-7222
-7641
-7277
-7585
-7491
-7541
-7446
-7229
-7474
-7461
-7228
-7241
-7695
-7123
-7674
-7360
-7325
-7713
-7605
-7239
-7491
-7261
-7571
-7326
-7203
-7355
-7357
-7666
-7177
-7365
-7717
-7641
-7119
-7730
-7548
-7629
-7359
-7609
-7486
-7554
-7206
-7573
-7501
-7129
-7461
-7269
-7253
-7102
-7480
-7372
-7548
-7118
-7165
-7217
-7495
-7740
-7715
-7598
-7278
-7485
-7421
-7687
-7568
-7178
-7653
-7594
-7216
-7757
-7621
-7432
-7245
-7373
-7504
-7170
-7723
-7421
-7445
-7307
-7330
-7529
-7644
-7388
-7492
-7387
-7733
-7368
-7203
-7334
-7717
-7252
-7528
-7186
-7152
-7767
-7543
-7735
-7492
-7384
-7402
-7732
-7786
-7713
-7605
-7513
-7285
-7328
-7297
-7259
-7403
-7528
-7168
-7548
-7281
-7206
-7672
-7618
-7442
-7440
-7299
-7503
-7464
-7335
-7512
-7652
-7193
-7424
-7285
-7581
-7276
-7598
-7547
-7549
-7691
-7515
-7320
-7801
-7730
-7342
-7578
-7590
-7730
-7678
-7805
-7724
-7344
-7320
-7331
-7340
-7361
-7690
-7783
-7455
-7325
-7840
-7530
-7794
-7668
-7657
-7838
-7462
-7539
-7284
-7321
-7399
-7288
-7696
-7782
-7572
-7304
-7741
-7624
-7825
-7735
-7312
-7621
-7620
-7616
-7430
-7246
-7672
-7296
-7450
-7547
-7441
-7336
-7619
-7595
-7690
-7528
-7484
-7886
-7441
-7294
-7775
-7782
-7747
-7258
-7487
-7562
-7873
-7587
-7264
-7607
-7317
-7487
-7490
-7858
-7543
-7541
-7383
-7623
-7429
-7750
-7798
-7518
-7762
-7478
-7892
-7669
-7812
-7407
-7732
-7916
-7852
-7750
-7840
-7463
-7483
-7785
-7366
-7493
-7603
-7372
-7581
-7783
-7354
-7899
-7595
-7550
-7331
-7375
-7878
-7866
-7356
-7779
-7660
-7545
-7843
-7382
-7526
-7766
-7510
-7539
-7379
-7479
-7791
-7898
-7709
-7920
-7927
-7921
-7530
-7896
-7653
-7881
-7889
-7720
-7474
-7494
-7885
-7329
-7873
-7345
-7543
-7388
-7802
-7506
-7567
-7925
-7878
-7854
-7847
-7914
-7476
-7734
-7717
-7494
-7790
-7952
-7598
-7493
-7938
-7417
-7733
-7487
-7794
-7847
-7939
-7899
-7450
-7847
-7494
-7855
-7791
-7535
-7597
-7601
-7894
-7653
-7887
-7420
-7683
-7517
-7772
-7502
-7787
-7534
-7907
-7791
-7886
-7492
-7489
-7642
-7617
-7561
-7736
-7821
-7971
-7500
-7384
-7806
-7449
-7505
-7773
-7424
-7675
-7758
-7541
-7804
-7604
-7425
-8005
-7579
-7841
-7633
-7708
-7695
-7864
-7463
-7717
-7679
-7716
-7976
-7808
-7435
-7887
-7964
-7765
-7862
-7915
-7549
-7980
-7575
-7869
-7637
-7538
-7557
-7453
-7985
-7906
-7512
-7858
-7495
-7607
-7617
-8062
-7551
-7942
-7566
-7864
-8009
-7577
-7512
-7556
-7743
-7686
-7955
-7585
-7584
-7594
-8080
-8044
-7471
-7513
-7843
-7756
-7580
-7926
-7710
-7508
-8015
-7603
-8091
-7744
-7533
-7952
-7620
-7488
-7996
-7696
-7956
-7663
-7845
-7889
-8088
-8074
-8104
-7972
-7962
-7921
-8113
-7941
-7786
-8041
-7792
-7815
-7993
-7711
-7953
-7817
-7962
-8108
-7898
-7786
-7883
-7935
-7938
-7847
-7779
-7612
-7877
-7657
-7575
-7554
-8130
-7804
-7597
-8021
-7787
-7835
-7872
-8070
-7646
-7619
-7765
-7695
-8100
-7629
-7804
-8133
-8110
-7896
-8010
-7698
-8077
-8082
-7767
-7873
-7751
-7945
-8085
-8080
-8021
-7940
-7608
-7964
-7716
-8161
-7842
-8144
-8175
-7602
-7575
-7839
-8162
-7589
-7643
-7553
-8056
-7935
-7690
-7839
-7625
-7718
-7727
-7848
-8075
-7790
-7925
-7889
-7576
-7645
-7689
-7864
-8119
-7733
-8140
-7793
-7952
-7657
-8028
-7607
-8048
-8060
-7660
-8046
-7815
-7699
-8001
-8147
-8059
-8090
-7655
-8038
-8027
-7728
-7738
-7663
-7612
-8189
-7611
-7718
-7770
-8147
-7990
-7589
-8226
-8172
-7893
-7926
-7993
-7818
-8076
-8123
-8208
-7709
-7896
-7689
-7643
-7883
-8028
-7847
-7922
-7646
-7790
-7659
-7737
-8023
-7757
-7748
-8249
-7833
-7996
-8213
-7895
-8260
-7851
-8014
-7756
-8195
-7813
-7715
-7896
-7964
-7682
-8218
-8103
-8050
-7740
-7661
-7950
-7781
-7695
-8030
-8033
-7904
-7987
-7646
-7651
-8108
-7967
-8018
-8106
-8235
-8054
-8109
-7886
-7781
-7874
-8145
-7728
-7796
-7667
-8226
-8070
-7729
-7863
-7892
-7846
-7751
-7841
-7666
-8071
-7778
-7698
-8050
-7686
-7789
-7780
-7739
-8093
-7904
-8087
-7827
-7784
-7688
-7753
-8307
-8252
-7771
-8189
-8078
-8047
-7925
-8146
-7760
-7787
-7755
-8019
-7748
-7928
-8101
-8148
-7772
-8078
-7885
-7956
-8083
-8303
-8025
-7939
-7986
-7907
-8060
-7816
-8026
-7788
-8044
-8042
-7969
-7818
-8196
-8033
-7925
-8011
-8217
-8080
-8346
-8127
-7974
-7804
-8135
-8294
-7973
-7873
-7810
-7992
-8266
-7850
-8186
-8288
-7775
-7931
-7915
-8197
-7772
-8131
-7765
-7773
-8330
-8253
-7948
-8201
-8122
-7758
-7784
-7791
-7781
-8392
-7912
-8315
-8238
-8043
-8319
-7993
-7886
-7951
-7833
-7867
-8104
-7842
-8348
-8090
-8352
-8211
-8298
-8281
-8262
-8400
-7996
-7907
-7833
-8060
-8011
-7786
-7848
-7849
-8399
-8169
-8320
-7837
-7896
-8265
-7988
-7828
-8062
-8430
-7898
-7968
-8087
-7953
-8396
-8368
-8146
-8440
-8406
-7886
-8441
-8345
-8369
-8092
-8044
-8159
-7824
-8196
-8276
-8008
-8335
-7904
-7949
-8348
-7879
-7870
-7875
-8275
-8383
-8115
-8064
-8285
-8220
-7943
-7915
-8228
-7996
-7941
-8291
-7909
-7982
-8436
-8462
-8146
-8161
-8407
-8165
-8041
-7879
-8479
-8477
-8323
-8252
-8487
-8023
-7934
-8261
-8334
-8260
-8432
-7979
-8488
-7958
-8101
-8343
-8231
-8081
-8064
-8279
-8112
-7957
-8500
-8484
-7963
-7970
-8381
-8229
-8011
-8166
-8165
-8215
-8363
-8184
-8426
-8224
-8335
-8435
-8386
-8468
-7994
-7976
-8102
-8290
-7962
-7986
-8233
-8141
-8330
-8260
-8093
-8102
-8508
-7959
-8009
-7927
-8160
-8527
-8269
-8281
-8417
-8482
-8086
-8510
-8370
-7979
-7989
-8200
-8004
-8128
-8473
-8484
-8041
-8126
-8488
-8192
-8238
-8527
-8036
-7979
-8226
-8554
-8364
-8276
-8226
-8138
-8284
-7950
-8355
-8316
-8110
-8536
-7952
-8249
-8395
-8540
-8222
-7978
-8000
-7939
-7957
-8204
-8384
-8017
-8002
-8484
-8421
-8205
-8145
-8552
-8009
-8186
-8228
-8568
-8454
-8585
-8550
-8164
-7969
-8041
-8275
-7964
-8320
-8336
-7981
-8596
-8432
-8406
-8078
-8567
-8250
-8352
-8162
-8489
-8477
-8353
-8159
-8026
-8338
-8039
-8349
-8031
-8271
-8384
-8513
-8261
-8273
-8187
-8258
-8371
-8156
-8229
-8599
-8302
-8313
-8546
-8020
-8443
-8426
-8162
-8324
-8542
-8557
-8028
-8129
-8337
-8305
-8597
-8112
-8283
-8488
-8135
-8621
-8282
-8276
-8344
-8555
-8299
-8244
-8632
-8396
-8031
-8415
-8546
-8033
-8561
-8228
-8460
-8229
-8219
-8233
-8440
-8365
-8087
-8311
-8617
-8291
-8478
-8204
-8423
-8171
-8669
-8227
-8457
-8135
-8588
-8295
-8279
-8474
-8414
-8544
-8664
-8674
-8076
-8521
-8403
-8672
-8105
-8338
-8359
-8234
-8640
-8134
-8409
-8160
-8077
-8268
-8297
-8281
-8486
-8231
-8653
-8421
-8085
-8086
-8344
-8198
-8391
-8582
-8323
-8395
-8192
-8509
-8319
-8247
-8250
-8569
-8560
-8314
-8420
-8133
-8250
-8600
-8353
-8679
-8734
-8134
-8221
-8733
-8720
-8210
-8577
-8208
-8589
-8562
-8482
-8723
-8635
-8260
-8687
-8443
-8139
-8138
-8751
-8262
-8486
-8635
-8665
-8299
-8629
-8669
-8741
-8597
-8372
-8318
-8718
-8755
-8584
-8670
-8344
-8485
-8506
-8172
-8368
-8749
-8207
-8766
-8323
-8590
-8417
-8380
-8147
-8673
-8475
-8641
-8169
-8197
-8304
-8220
-8510
-8459
-8720
-8770
-8502
-8521
-8399
-8303
-8610
-8256
-8632
-8193
-8720
-8349
-8402
-8516
-8677
-8650
-8417
-8620
-8332
-8483
-8182
-8286
-8782
-8815
-8358
-8405
-8343
-8237
-8409
-8596
-8464
-8459
-8826
-8665
-8291
-8799
-8785
-8670
-8296
-8531
-8430
-8721
-8201
-8700
-8460
-8220
-8318
-8228
-8386
-8706
-8259
-8810
-8302
-8562
-8213
-8516
-8281
-8542
-8504
-8443
-8843
-8489
-8422
-8407
-8386
-8520
-8538
-8380
-8485
-8234
-8229
-8663
-8865
-8650
-8732
-8410
-8405
-8653
-8784
-8652
-8264
-8308
-8711
-8262
-8766
-8286
-8344
-8703
-8454
-8567
-8412
-8512
-8854
-8517
-8513
-8258
-8377
-8625
-8886
-8457
-8886
-8487
-8775
-8320
-8422
-8750
-8318
-8454
-8707
-8790
-8825
-8521
-8671
-8626
-8749
-8342
-8381
-8430
-8783
-8476
-8867
-8448
-8543
-8817
-8752
-8851
-8616
-8702
-8441
-8681
-8725
-8455
-8913
-8635
-8750
-8471
-8811
-8758
-8678
-8831
-8691
-8348
-8361
-8330
-8352
-8532
-8620
-8345
-8442
-8644
-8498
-8448
-8665
-8387
-8525
-8426
-8902
-8591
-8467
-8502
-8494
-8676
-8925
-8585
-8519
-8685
-8329
-8814
-8532
-8732
-8865
-8916
-8336
-8766
-8469
-8673
-8652
-8583
-8790
-8818
-8489
-8932
-8939
-8365
-8375
-8842
-8343
-8355
-8788
-8387
-8725
-8782
-8873
-8812
-8760
-8606
-8657
-8547
-8654
-8671
-8990
-8654
-8574
-8581
-8359
-8787
-8471
-8674
-8998
-8433
-8916
-8433
-8606
-8639
-8368
-8429
-8402
-8552
-8470
-8452
-8648
-8983
-8737
-8561
-8438
-8404
-8746
-8526
-8650
-8636
-8627
-8504
-8683
-8506
-8701
-8753
-8408
-8402
-8978
-8945
-8955
-8723
-8747
-8658
-8748
-8603
-8765
-8420
-8571
-8461
-8559
-8737
-8460
-8743
-8445
-8725
-8566
-8986
-8560
-8949
-8879
-8779
-8578
-8650
-8496
-8804
-8581
-8914
-8718
-8510
-8927
-8477
-8917
-8957
-8995
-8771
-9055
-8744
-8602
-8926
-8800
-9026
-8798
-8510
-8983
-8615
-8712
-8894
-9011
-8486
-8550
-8801
-8749
-8655
-8811
-9036
-8545
-8964
-8833
-8469
-8867
-8591
-8772
-8790
-8537
-8833
-9080
-8638
-8871
-8764
-8552
-8911
-8713
-9067
-8852
-9006
-8931
-8471
-8903
-8748
-9043
-8631
-8705
-8832
-8722
-8527
-8734
-9079
-8566
-8764
-8734
-8934
-8555
-9055
-8973
-8810
-9064
-8744
-8683
-8656
-9066
-9049
-9046
-9105
-8630
-8620
-8520
-8877
-8727
-8604
-8700
-9132
-8980
-8856
-8738
-8808
-9125
-8970
-8609
-8522
-9105
-9082
-8934
-8875
-8976
-8755
-9133
-8586
-8923
-9073
-8873
-8820
-8963
-9136
-9111
-8821
-8564
-8716
-8900
-8575
-9036
-8974
-8845
-8780
-9060
-8675
-8917
-8558
-8701
-8574
-9013
-9103
-8905
-9010
-8963
-8988
-8949
-8604
-8737
-8856
-8725
-8866
-8890
-8850
-8675
-9013
-9147
-9174
-9185
-8887
-9095
-8777
-8931
-9081
-9207
-9015
-8917
-8685
-9059
-8962
-8679
-8622
-9039
-9072
-8708
-9021
-9182
-8969
-9211
-8812
-8994
-8941
-8786
-9002
-8964
-9081
-8874
-9009
-9195
-9086
-9029
-9217
-8717
-9113
-8637
-8820
-8790
-8931
-9114
-9223
-9170
-8992
-9098
-8709
-8726
-8729
-9099
-9008
-8635
-9180
-8641
-9153
-8798
-8889
-9044
-8817
-8685
-9114
-9070
-9107
-9101
-8878
-8948
-8913
-8812
-8737
-8975
-9204
-9051
-9239
-9185
-8934
-9076
-8921
-8944
-8772
-8885
-8733
-8995
-9168
-8769
-9144
-8977
-8890
-9239
-9169
-9007
-9134
-8857
-8930
-8720
-8836
-8737
-8974
-9159
-8749
-9128
-9183
-9168
-8906
-8890
-9002
-9063
-8755
-9085
-9151
-8753
-9175
-8858
-9192
-9200
-9072
-8938
-8808
-8904
-9313
-8916
-9181
-9063
-8925
-8932
-9188
-9108
-9119
-9149
-9128
-9296
-8931
-8958
-9167
-9031
-8930
-8918
-8796
-8842
-9333
-9273
-8981
-9262
-8862
-9225
-9263
-8886
-8756
-8750
-9184
-9289
-9253
-8813
-8929
-9307
-8973
-8940
-9070
-9305
-8927
-9180
-8773
-9335
-9140
-8939
-9019
-9286
-9117
-9232
-9359
-9268
-9154
-8758
-9187
-9236
-8892
-9330
-9046
-9037
-9225
-8995
-8862
-8879
-9228
-8778
-9336
-9357
-9318
-9332
-9113
-9048
-8815
-8845
-9289
-9078
-8765
-9277
-8996
-9337
-9009
-9390
-8804
-8796
-8841
-9246
-8878
-9016
-8821
-9230
-8995
-9272
-8956
-9145
-8833
-9273
-9309
-8781
-8815
-8927
-8849
-8998
-8816
-8808
-9378
-8943
-9310
-9183
-9228
-8817
-9059
-9110
-9215
-9163
-8915
-8980
-9131
-8843
-8868
-8987
-9204
-9005
-9002
-9264
-8899
-9071
-9169
-9169
-9386
-8947
-9303
-9066
-9030
-9318
-9394
-8874
-8930
-8903
-9274
-8832
-9381
-9108
-9283
-9318
-9276
-9074
-8840
-9055
-9033
-9017
-9393
-8968
-8853
-8945
-9469
-9295
-9094
-9105
-8983
-9148
-9195
-8902
-9478
-9326
-9446
-9480
-8980
-9027
-8903
-9044
-9090
-9029
-9422
-9275
-9090
-9161
-9032
-9285
-9018
-9486
-9403
-8914
-8933
-9392
-9350
-9166
-9109
-9263
-8868
-9397
-9197
-9335
-9222
-9507
-9315
-8946
-9234
-9112
-9304
-9115
-9063
-8974
-9381
-8914
-9184
-9028
-9009
-9182
-9152
-9158
-9188
-8932
-8928
-9095
-9306
-8956
-9254
-9167
-9309
-9350
-8909
-9203
-9412
-8985
-9147
-8969
-9444
-8983
-9338
-9029
-9101
-9030
-8955
-9212
-9118
-9264
-9443
-8941
-9097
-9322
-9419
-9122
-9502
-9415
-9323
-9496
-9308
-9150
-9546
-9401
-9294
-8960
-9304
-9390
-9208
-9144
-9202
-8955
-9261
-9105
-9526
-9237
-9172
-9475
-9219
-9507
-9582
-9547
-9223
-9437
-9259
-9561
-9417
-9162
-9362
-9460
-9164
-9554
-9050
-9187
-9182
-9350
-9060
-9492
-9013
-9327
-9364
-8982
-9467
-9577
-9397
-9530
-9149
-9208
-9570
-9479
-9158
-9169
-8976
-9570
-9170
-8985
-9116
-9321
-9543
-9243
-8993
-9223
-9414
-9132
-9110
-9313
-9552
-9273
-8999
-9349
-9503
-9045
-9031
-9173
-9262
-9360
-9110
-9054
-9346
-9133
-9049
-9432
-9434
-9042
-9316
-9383
-9019
-9518
-9223
-9045
-9429
-9415
-9623
-9579
-9344
-9281
-9406
-9258
-9152
-9328
-9562
-9383
-9082
-9645
-9297
-9346
-9494
-9547
-9107
-9521
-9292
-9180
-9300
-9578
-9492
-9067
-9386
-9597
-9287
-9125
-9664
-9212
-9337
-9658
-9585
-9624
-9069
-9616
-9404
-9222
-9137
-9096
-9306
-9510
-9598
-9289
-9294
-9593
-9521
-9442
-9167
-9550
-9693
-9100
-9144
-9082
-9125
-9634
-9174
-9143
-9202
-9597
-9397
-9197
-9416
-9184
-9191
-9263
-9337
-9685
-9589
-9604
-9677
-9425
-9522
-9315
-9186
-9342
-9319
-9530
-9126
-9423
-9573
-9359
-9359
-9678
-9382
-9226
-9423
-9218
-9115
-9501
-9358
-9428
-9267
-9149
-9422
-9287
-9221
-9493
-9180
-9717
-9387
-9189
-9265
-9703
-9748
-9219
-9672
-9281
-9272
-9766
-9758
-9530
-9295
-9621
-9607
-9548
-9392
-9578
-9438
-9165
-9310
-9202
-9716
-9234
-9383
-9184
-9533
-9729
-9598
-9611
-9325
-9211
-9682
-9300
-9449
-9403
-9274
-9737
-9217
-9629
-9297
-9504
-9609
-9566
-9341
-9784
-9394
-9744
-9605
-9215
-9472
-9202
-9393
-9490
-9313
-9271
-9725
-9590
-9506
-9738
-9584
-9455
-9725
-9613
-9392
-9700
-9381
-9318
-9191
-9508
-9444
-9782
-9666
-9761
-9499
-9222
-9764
-9591
-9521
-9529
-9796
-9533
-9339
-9385
-9572
-9750
-9383
-9222
-9677
-9673
-9262
-9633
-9816
-9821
-9292
-9396
-9252
-9710
-9725
-9257
-9259
-9394
-9565
-9705
-9709
-9638
-9387
-9708
-9384
-9464
-9486
-9552
-9445
-9640
-9602
-9590
-9710
-9784
-9713
-9501
-9774
-9625
-9433
-9310
-9329
-9304
-9768
-9720
-9480
-9246
-9440
-9404
-9756
-9682
-9273
-9878
-9421
-9841
-9680
-9557
-9427
-9540
-9450
-9777
-9786
-9564
-9638
-9389
-9345
-9374
-9348
-9806
-9856
-9345
-9545
-9687
-9576
-9788
-9868
-9656
-9870
-9324
-9299
-9650
-9835
-9376
-9813
-9545
-9791
-9746
-9873
-9629
-9759
-9289
-9712
-9876
-9660
-9436
-9753
-9313
-9561
-9517
-9794
-9629
-9378
-9902
-9712
-9616
-9662
-9525
-9396
-9706
-9617
-9792
-9355
-9637
-9627
-9461
-9337
-9773
-9795
-9860
-9460
-9932
-9836
-9591
-9393
-9523
-9737
-9782
-9388
-9429
-9424
-9920
-9572
-9511
-9640
-9933
-9701
-9700
-9576
-9369
-9792
-9516
-9767
-9484
-9768
-9726
-9692
-9623
-9377
-9418
-9950
-9480
-9893
-9962
-9789
-9769
-9661
-9406
-9896
-9546
-9500
-9851
-9946
-9455
-9857
-9671
-9940
-9392
-9666
-9991
-9950
-9991
-9536
-9451
-9505
-9605
-9732
-9541
-9806
-10016
-9941
-9614
-9389
-9924
-9786
-9958
-9623
-9389
-10016
-9698
-9820
-9818
-9531
-9767
-9820
-9607
-9773
-9972
-10035
-9605
-9724
-9508
-9809
-9835
-9500
-9487
-9545
-9858
-9753
-9938
-9510
-9886
-9411
-10034
-9809
-9955
-9941
-9775
-10034
-9499
-9799
-9984
-9575
-9865
-9551
-9606
-9585
-10013
-9510
-10041
-9750
-9905
-9604
-9691
-9853
-9828
-9598
-9527
-9874
-9859
-9468
-9848
-9539
-9682
-9441
-9933
-9998
-9919
-9945
-9601
-9635
-9823
-9631
-9471
-9829
-9746
-9799
-10033
-9582
-9477
-9716
-9866
-9844
-9501
-9994
-10051
-9905
-9478
-9552
-9877
-9950
-10015
-9927
-9790
-9495
-9523
-9717
-9856
-9867
-9580
-9779
-9895
-9819
-9693
-10100
-9872
-9617
-9628
-9860
-9803
-9527
-9875
-10092
-10059
-10054
-9776
-9670
-10029
-9548
-9612
-9731
-9836
-9984
-9653
-9917
-9645
-9901
-9755
-9883
-10121
-9516
-9540
-9878
-9954
-9862
-9996
-9839
-9863
-9543
-9872
-9893
-9671
-9665
-10132
-9862
-9683
-9567
-9965
-10141
-9769
-9780
-9631
-9692
-10012
-10006
-9743
-10113
-9793
-10110
-9547
-10104
-9890
-9966
-10119
-9689
-9664
-9957
-9672
-9676
-9681
-9922
-10012
-9559
-9805
-9997
-9951
-9897
-9997
-9730
-9772
-9750
-10166
-9908
-9870
-9928
-10026
-9708
-10127
-9605
-9937
-9842
-9773
-9793
-9618
-9906
-10098
-10048
-9932
-10197
-10129
-10199
-9947
-9850
-9925
-9772
-10157
-10174
-9811
-10214
-9638
-9927
-9734
-9955
-10098
-10096
-9815
-9677
-10083
-10023
-10034
-9697
-10034
-9744
-10003
-9762
-10214
-10223
-9733
-10008
-9789
-9896
-9702
-9731
-9745
-10181
-10197
-9781
-10075
-9911
-10047
-9708
-10095
-10173
-9920
-9712
-9985
-10098
-10000
-9860
-9906
-10044
-10214
-10109
-9955
-9932
-9844
-9819
-9684
-10027
-9945
-9783
-10183
-10175
-9941
-9870
-10136
-10163
-10073
-9660
-9798
-10246
-10127
-10089
-10120
-10033
-9716
-10245
-10021
-10242
-10286
-10271
-10171
-9899
-10283
-9915
-10178
-10303
-9889
-10239
-10208
-10254
-10047
-9794
-9826
-9767
-10261
-10162
-10082
-10135
-9866
-10210
-9745
-9698
-10321
-9780
-9841
-10112
-10223
-9864
-10126
-10155
-9985
-10331
-10313
-9866
-10166
-10106
-9695
-9721
-10075
-10131
-10132
-10036
-10257
-10207
-10183
-9711
-10286
-10193
-9979
-10270
-10314
-10320
-10266
-9817
-10093
-10352
-9912
-9898
-10347
-10314
-10132
-10172
-10169
-10131
-10046
-10301
-10109
-10298
-10204
-9765
-9965
-9754
-9810
-10014
-10206
-9925
-9820
-10055
-9831
-9921
-10188
-10130
-9764
-9755
-9786
-9996
-9799
-9950
-10024
-9815
-9809
-10273
-10263
-10031
-9755
-9939
-9842
-9839
-10101
-9836
-10386
-10061
-10079
-10249
-10195
-10220
-10392
-10305
-10319
-10206
-10003
-9864
-10299
-10210
-10117
-10242
-9951
-9891
-10177
-10134
-9864
-10082
-10200
-9868
-10161
-10382
-10092
-9846
-10377
-10282
-10386
-10191
-10043
-9811
-10195
-9822
-10297
-10136
-10398
-10264
-10399
-9982
-10162
-10016
-9910
-10096
-10309
-10008
-10162
-9889
-10380
-10340
-10335
-10305
-10113
-10107
-10189
-9864
-10073
-10121
-10224
-10101
-10195
-9851
-9962
-10129
-10147
-10024
-10128
-9838
-9972
-10210
-9945
-10041
-10289
-10426
-10417
-10178
-9863
-10429
-10384
-10167
-10428
-9937
-10108
-10086
-9940
-10096
-10045
-10488
-10372
-10229
-9858
-10174
-9997
-10326
-10067
-9952
-10388
-9861
-9976
-10300
-10142
-10012
-10284
-10321
-10187
-10130
-9865
-10403
-9890
-10177
-10454
-9920
-10184
-10326
-10422
-10467
-10346
-9971
-9890
-10176
-9960
-10429
-10402
-10167
-10516
-10013
-10207
-10526
-10394
-10219
-10393
-10472
-10358
-10236
-10524
-10359
-10073
-9914
-9967
-10378
-10105
-10198
-10289
-9989
-10027
-10490
-10081
-10038
-10255
-10190
-10400
-10241
-10478
-10083
-10242
-10283
-10513
-10487
-10123
-9955
-10273
-10226
-10564
-9925
-10120
-10375
-10458
-10424
-10337
-10069
-10424
-10233
-10416
-10573
-10310
-10431
-10564
-9943
-10203
-10119
-9962
-9999
-10263
-10016
-10054
-10151
-10278
-10377
-10010
-10130
-10184
-10068
-10368
-10518
-9985
-10574
-10168
-10464
-9986
-10262
-10475
-10390
-10042
-10428
-10169
-10592
-10517
-10335
-10447
-10294
-10055
-10570
-10433
-10067
-10124
-10308
-9984
-10368
-10526
-9980
-9998
-10400
-10619
-10298
-10493
-10303
-10356
-10075
-10479
-10006
-10249
-10326
-10579
-10457
-10251
-10466
-10182
-10113
-9998
-10385
-10638
-10159
-10462
-10235
-10381
-10050
-10493
-10279
-10269
-10212
-10292
-10370
-10545
-10100
-10052
-10493
-10096
-10345
-10165
-10171
-10312
-10449
-10618
-10446
-10182
-10553
-10070
-10652
-10418
-10463
-10465
-10341
-10270
-10340
-10075
-10618
-10540
-10262
-10256
-10609
-10382
-10119
-10106
-10350
-10626
-10497
-10073
-10281
-10554
-10053
-10527
-10418
-10381
-10472
-10253
-10254
-10536
-10167
-10583
-10233
-10355
-10474
-10346
-10538
-10696
-10559
-10304
-10697
-10688
-10668
-10568
-10353
-10341
-10166
-10337
-10384
-10194
-10315
-10470
-10501
-10286
-10093
-10117
-10576
-10392
-10096
-10669
-10656
-10287
-10558
-10631
-10685
-10150
-10707
-10479
-10179
-10476
-10279
-10430
-10577
-10647
-10219
-10163
-10465
-10456
-10633
-10744
-10567
-10423
-10208
-10263
-10513
-10577
-10327
-10261
-10355
-10513
-10627
-10215
-10748
-10309
-10762
-10609
-10371
-10281
-10749
-10684
-10278
-10274
-10514
-10750
-10239
-10569
-10218
-10675
-10448
-10496
-10538
-10341
-10307
-10432
-10214
-10470
-10520
-10575
-10361
-10559
-10716
-10653
-10194
-10225
-10620
-10550
-10639
-10222
-10525
-10258
-10242
-10591
-10265
-10376
-10268
-10227
-10430
-10699
-10748
-10312
-10170
-10281
-10346
-10420
-10766
-10271
-10422
-10342
-10797
-10450
-10330
-10703
-10672
-10280
-10415
-10373
-10339
-10768
-10402
-10285
-10558
-10401
-10376
-10214
-10709
-10307
-10229
-10646
-10558
-10668
-10384
-10452
-10739
-10215
-10344
-10569
-10600
-10529
-10381
-10505
-10839
-10279
-10504
-10852
-10670
-10716
-10725
-10453
-10603
-10377
-10615
-10292
-10399
-10849
-10752
-10537
-10295
-10526
-10634
-10778
-10719
-10558
-10528
-10782
-10805
-10378
-10717
-10677
-10499
-10498
-10518
-10379
-10278
-10698
-10555
-10618
-10430
-10262
-10476
-10451
-10498
-10785
-10593
-10355
-10702
-10779
-10739
-10507
-10328
-10284
-10631
-10872
-10631
-10643
-10324
-10611
-10689
-10579
-10335
-10765
-10873
-10827
-10466
-10723
-10859
-10656
-10725
-10341
-10725
-10653
-10705
-10674
-10837
-10780
-10720
-10913
-10467
-10384
-10771
-10522
-10315
-10922
-10547
-10712
-10771
-10493
-10461
-10677
-10778
-10660
-10474
-10734
-10310
-10460
-10919
-10311
-10766
-10663
-10493
-10610
-10554
-10880
-10787
-10487
-10393
-10314
-10532
-10368
-10792
-10729
-10558
-10718
-10734
-10961
-10834
-10709
-10536
-10570
-10950
-10490
-10499
-10840
-10823
-10374
-10345
-10486
-10478
-10415
-10894
-10928
-10961
-10465
-10861
-10520
-10528
-10520
-10692
-10945
-10893
-10526
-10965
-10720
-10751
-10391
-10819
-10512
-10718
-10388
-10948
-10940
-10547
-10568
-10605
-10516
-10955
-10610
-10897
-10815
-10534
-10679
-10763
-10836
-10892
-10541
-10656
-10933
-10604
-10451
-10811
-11012
-10403
-10757
-10700
-10704
-10529
-10709
-10422
-10595
-10618
-10890
-11006
-10501
-10816
-10395
-10612
-10751
-10657
-10465
-10972
-10644
-10618
-10774
-10963
-10567
-10597
-10607
-10602
-10851
-10752
-10976
-10551
-10847
-10836
-10416
-10681
-10650
-10938
-10464
-10618
-10935
-10992
-10952
-10956
-10833
-10895
-10687
-10903
-11014
-10518
-10925
-10769
-10827
-10575
-10909
-11020
-10457
-10513
-10706
-10703
-10500
-10903
-10691
-10861
-10451
-10454
-10947
-11081
-11032
-10745
-10979
-10770
-10640
-10505
-10835
-11041
-11057
-10916
-10798
-10998
-10944
-10512
-10621
-11097
-10827
-10731
-10529
-10674
-10582
-10633
-10803
-10798
-10478
-10590
-10823
-10843
-10733
-11028
-10784
-11023
-11020
-10931
-10951
-10988
-10528
-10589
-11100
-10603
-10965
-10844
-10714
-11080
-11077
-10548
-10804
-10796
-10546
-10887
-10903
-10544
-10690
-10508
-10982
-10780
-11061
-10584
-11030
-10637
-10791
-10620
-11025
-10509
-10806
-11057
-10618
-11131
-10994
-10937
-10697
-11154
-10804
-10911
-10660
-10926
-11127
-10998
-10999
-10961
-10639
-10806
-10917
-10956
-10995
-11016
-10562
-10670
-10537
-10649
-10664
-10942
-10877
-10942
-10918
-10769
-10944
-10821
-10725
-10565
-10883
-10895
-10886
-11138
-11149
-10899
-10586
-10863
-10629
-11029
-10961
-10584
-11043
-10784
-10890
-10669
-10679
-11119
-10718
-11033
-11059
-10982
-11063
-10888
-11050
-10935
-10953
-10907
-11034
-11102
-10795
-11189
-10781
-11157
-10593
-10891
-11172
-10697
-10788
-10882
-10878
-10805
-11083
-10952
-10851
-11203
-10659
-10735
-10631
-10820
-10683
-10786
-10721
-11067
-11050
-10643
-10756
-11043
-10890
-11234
-10706
-10854
-11221
-11129
-10973
-10701
-11088
-10677
-10871
-11206
-10675
-11161
-11151
-11132
-11056
-11223
-11196
-11094
-11010
-11181
-11243
-10875
-11071
-11236
-11245
-10686
-11263
-11062
-11209
-11200
-11082
-10711
-10722
-11020
-11229
-10844
-11043
-10657
-10662
-10792
-10947
-10975
-10734
-10700
-11040
-10762
-11266
-10791
-10908
-11196
-11010
-11027
-10997
-10904
-10921
-11166
-10703
-11049
-11183
-10954
-11175
-10824
-11052
-11284
-10827
-11187
-10911
-10853
-11076
-10696
-11028
-11011
-10902
-10965
-10873
-10804
-11103
-10740
-10786
-11047
-10836
-10864
-10934
-10868
-10808
-11093
-10866
-10718
-10964
-11262
-10976
-10975
-10706
-11059
-11109
-10848
-10791
-10903
-11065
-10763
-10947
-11259
-10929
-11304
-11251
-10818
-10944
-11226
-11158
-10797
-11248
-11089
-10912
-11123
-11131
-11039
-11161
-11358
-10793
-11219
-11207
-10794
-11272
-11183
-10829
-11340
-10995
-10947
-10838
-11219
-11222
-11273
-11290
-11129
-10930
-11153
-10829
-11069
-11038
-11181
-10769
-10985
-11221
-10917
-11113
-11042
-11360
-10915
-11102
-10961
-11035
-11376
-11019
-10853
-11082
-10900
-10941
-11402
-11188
-11075
-10928
-11328
-10967
-11351
-11269
-11174
-10979
-10873
-10773
-11014
-11149
-11327
-11003
-11126
-11252
-11332
-10965
-10950
-10946
-11083
-10796
-10995
-10813
-11412
-11098
-11082
-11072
-11269
-10885
-10845
-11269
-11320
-10920
-11273
-11134
-10802
-10987
-11121
-10874
-10861
-11136
-11021
-11405
-11177
-11022
-11395
-10856
-11294
-10861
-10888
-11316
-11255
-11365
-11241
-11303
-11318
-11201
-11088
-11149
-10862
-11213
-11056
-10977
-11299
-11237
-11072
-11331
-11153
-11141
-11281
-11196
-10869
-10988
-11057
-11096
-11263
-11337
-11419
-11363
-11435
-10894
-11423
-11429
-11104
-10849
-10864
-11064
-11084
-11120
-11447
-10937
-11213
-10881
-10964
-11439
-11219
-11132
-10935
-11139
-11455
-11195
-11090
-11083
-11288
-10915
-11497
-11331
-10946
-11223
-11404
-10956
-11452
-11181
-11429
-10877
-11136
-11312
-11257
-10973
-11460
-11112
-10911
-11425
-11478
-11094
-11013
-10948
-10934
-11522
-11338
-10921
-11469
-11288
-11528
-11459
-11529
-11050
-10992
-11480
-11080
-11497
-11099
-11463
-11295
-11025
-11536
-11200
-11507
-10919
-10923
-11136
-11202
-11165
-10989
-11211
-11461
-11239
-11524
-11297
-11055
-10980
-11234
-11035
-10929
-11475
-11115
-11471
-10992
-11003
-11252
-11519
-11304
-11451
-10944
-11516
-11495
-11423
-11110
-11424
-11103
-11341
-11154
-11254
-11385
-11507
-11364
-11581
-11436
-11418
-11045
-11072
-11253
-11232
-11153
-10961
-11014
-11116
-11005
-11598
-11143
-11285
-11217
-11443
-11005
-11271
-11284
-11424
-11612
-10979
-11258
-11035
-11335
-11302
-11510
-11262
-11032
-11500
-11587
-11137
-11346
-11404
-11493
-11601
-11227
-11377
-11105
-11527
-11094
-11079
-11458
-11519
-11253
-11083
-11347
-11570
-11148
-11125
-11193
-11090
-11295
-11046
-11102
-11581
-11150
-11566
-11241
-11633
-11097
-11635
-11118
-11444
-11361
-11224
-11218
-11358
-11161
-11201
-11579
-11584
-11412
-11518
-11557
-11537
-11514
-11269
-11279
-11543
-11536
-11041
-11240
-11127
-11078
-11434
-11124
-11137
-11501
-11394
-11396
-11344
-11185
-11583
-11333
-11299
-11577
-11113
-11484
-11414
-11532
-11125
-11669
-11511
-11448
-11659
-11251
-11177
-11163
-11371
-11445
-11274
-11645
-11544
-11477
-11598
-11263
-11247
-11699
-11353
-11391
-11228
-11546
-11467
-11460
-11641
-11683
-11274
-11596
-11499
-11426
-11240
-11569
-11653
-11383
-11726
-11304
-11310
-11509
-11443
-11463
-11285
-11669
-11108
-11550
-11471
-11475
-11472
-11168
-11479
-11696
-11274
-11261
-11632
-11382
-11588
-11563
-11601
-11423
-11631
-11491
-11682
-11496
-11665
-11754
-11739
-11250
-11674
-11219
-11227
-11716
-11684
-11217
-11718
-11225
-11537
-11337
-11575
-11513
-11643
-11245
-11535
-11233
-11245
-11721
-11427
-11507
-11405
-11215
-11342
-11367
-11509
-11407
-11382
-11414
-11441
-11274
-11325
-11645
-11786
-11379
-11744
-11544
-11289
-11736
-11513
-11407
-11289
-11784
-11606
-11497
-11507
-11641
-11489
-11725
-11645
-11368
-11766
-11672
-11595
-11420
-11703
-11702
-11757
-11696
-11221
-11439
-11376
-11343
-11201
-11805
-11717
-11348
-11202
-11502
-11712
-11480
-11547
-11670
-11248
-11353
-11539
-11569
-11268
-11332
-11581
-11262
-11289
-11252
-11689
-11458
-11566
-11785
-11214
-11743
-11825
-11273
-11657
-11266
-11584
-11813
-11657
-11672
-11291
-11356
-11376
-11552
-11711
-11672
-11690
-11740
-11342
-11308
-11401
-11653
-11693
-11409
-11672
-11405
-11864
-11778
-11842
-11293
-11252
-11576
-11271
-11761
-11341
-11380
-11459
-11840
-11357
-11375
-11395
-11303
-11334
-11298
-11849
-11279
-11279
-11861
-11300
-11558
-11708
-11296
-11346
-11500
-11288
-11451
-11633
-11800
-11818
-11669
-11359
-11362
-11306
-11563
-11830
-11674
-11703
-11550
-11728
-11592
-11491
-11401
-11858
-11426
-11906
-11847
-11387
-11737
-11831
-11804
-11499
-11524
-11744
-11758
-11884
-11779
-11822
-11510
-11770
-11529
-11681
-11481
-11688
-11572
-11890
-11832
-11690
-11668
-11854
-11394
-11584
-11745
-11432
-11933
-11590
-11717
-11452
-11606
-11620
-11906
-11555
-11861
-11496
-11591
-11641
-11912
-11778
-11823
-11522
-11597
-11505
-11582
-11871
-11453
-11875
-11507
-11675
-11897
-11689
-11480
-11597
-11808
-11380
-11594
-11651
-11757
-11932
-11756
-11853
-11790
-11653
-11539
-11494
-11660
-11889
-11780
-11775
-11810
-11837
-11877
-11906
-11681
-11566
-11848
-11532
-11694
-11765
-11923
-11925
-11895
-11388
-11438
-11608
-11978
-11801
-11843
-11951
-11528
-11595
-11598
-11584
-11802
-11563
-11944
-12001
-11409
-11463
-11453
-11774
-11686
-11746
-11426
-11718
-11891
-11594
-11595
-11923
-11453
-11566
-11780
-11594
-11831
-11949
-11988
-11624
-11505
-11420
-11997
-11993
-11718
-11459
-11705
-11598
-11807
-11505
-11937
-11942
-11426
-11415
-11922
-11959
-11796
-12035
-11616
-11514
-11627
-11461
-11469
-11861
-11971
-12051
-11704
-11649
-11620
-11637
-12020
-11560
-11670
-11513
-11924
-11568
-11749
-11536
-11982
-11452
-11687
-11450
-12008
-11704
-11648
-11976
-11995
-12007
-11930
-11881
-11976
-11796
-11729
-11779
-11925
-11794
-11981
-11793
-11704
-11784
-11539
-12007
-11837
-11651
-11476
-11734
-12017
-11594
-11721
-11647
-11574
-12042
-11678
-11672
-11834
-11823
-11709
-11481
-11935
-11774
-11589
-11979
-11855
-11679
-11672
-11744
-12022
-11733
-11750
-11689
-11756
-11582
-11599
-11831
-11726
-12092
-12076
-12136
-11589
-12124
-11571
-12109
-11920
-11978
-11748
-11765
-11760
-11943
-11510
-11959
-11593
-11633
-11956
-12110
-11786
-12098
-11612
-11949
-11638
-11793
-12156
-11945
-11633
-12112
-11812
-12040
-11912
-11863
-11539
-11802
-11666
-12076
-11787
-11909
-12063
-11548
-11711
-12123
-11594
-11588
-11543
-11803
-11848
-11659
-11703
-12100
-12118
-12090
-11600
-11708
-12129
-11966
-12009
-12056
-11915
-11739
-12024
-11845
-12064
-11708
-12136
-12170
-11782
-12109
-11682
-12065
-11589
-11782
-12009
-11607
-12105
-12046
-12008
-11834
-12183
-11982
-12125
-11697
-11839
-12031
-11850
-11812
-11923
-11730
-11705
-12166
-11759
-11758
-11809
-11658
-11663
-12166
-12196
-11617
-12160
-11782
-11884
-11831
-11828
-12068
-11830
-11965
-12107
-11851
-12008
-12108
-11820
-11970
-11939
-11800
-11763
-11930
-12017
-11711
-11925
-12145
-11795
-11768
-11703
-11863
-11920
-11778
-11964
-11889
-11908
-12221
